0.00000000099999999993 0.00000000099999999993 0.99999999799999994554 
0.00000000099999999993 0.00000000099999999993 0.99999999799999994554 
0.00000000099999999996 0.00000000099999999996 0.99999999799999994554 
0.00000000099999999997 0.00000000099999999997 0.99999999799999994554 
0.00000000099999999998 0.00182069624701728088 0.99817930275298272225 
0.00000000099999999999 0.00237101861370318410 0.99762898038629677089 
0.00000000099999999999 0.00761478983140547599 0.99238520916859440657 
0.00000000099999999998 0.00000000099999999998 0.99999999800000005656 
0.00000000099999999996 0.00000000099999999996 0.99999999799999994554 
0.00000000099999999999 0.00595572695378408529 0.99404427204621603753 
0.00000000099999999998 0.00153546212411252649 0.99846453687588743175 
0.00000017405287373366 0.00561770117551969525 0.99438212477160659031 
0.00000000099999999994 0.00000000099999999994 0.99999999800000005656 
0.00000000099999999996 0.00000000099999999996 0.99999999800000005656 
0.52717602052413170544 0.47282397847586826733 0.00000000099999999994 
0.54499490598252575690 0.45500509301747404933 0.00000000099999999995 
0.58025300842299787352 0.41974699057700209925 0.00000000099999999994 
0.54360404173905874092 0.45639595726094134287 0.00000000099999999995 
0.57810107730701809636 0.42189892169298187641 0.00000000099999999994 
0.53539961346487396909 0.46460038553512594817 0.00000000099999999995 
0.54054539812820423528 0.45945460087179562647 0.00000000099999999994 
0.54983906279947114548 0.45016093620052866076 0.00000000099999999994 
0.60350874288514855248 0.39649125611485130927 0.00000000099999999995 
0.56333816556258664576 0.43666183343741321599 0.00000000099999999994 
0.00000000099999999991 0.99999999799999994554 0.00000000099999999991 
0.00000000099999999990 0.99999999799999994554 0.00000000099999999990 
0.00000000099999999989 0.99999999800000005656 0.00000000099999999989 
0.00000000099999999990 0.99999999799999994554 0.00000000099999999990 
0.00000000099999999989 0.99999999799999994554 0.00000000099999999989 
0.00000000099999999986 0.99999999799999994554 0.00000000099999999986 
0.00000000099999999990 0.99999999800000005656 0.00000000099999999990 
0.02642618207114430517 0.97357381692885558433 0.00000000099999999995 
0.01953531207747015094 0.98046468692252974897 0.00000000099999999994 
0.02304306840422231176 0.97695693059577781714 0.00000000099999999994 
0.00000000099999999988 0.99999999799999994554 0.00000000099999999988 
0.92099763650493537970 0.00000000099999999998 0.07900236249506460695 
0.94124859369146773869 0.00000000099999999998 0.05875140530853222715 
0.91352625945720800082 0.00000000099999999998 0.08647373954279188868 
0.93716131424264192962 0.00000000099999999998 0.06283868475735805703 
0.92667061971766817585 0.00000000099999999998 0.07332937928233179692 
0.94830091367041968731 0.00000000099999999997 0.05169908532958027159 
0.90732128735642036954 0.00000000099999999997 0.09267871164357964486 
0.93675344801109405868 0.00000000099999999998 0.06324655098890598348 
0.93479796900193290465 0.00000000099999999998 0.06520202999806713751 
0.92827264248996999019 0.00000000099999999997 0.07172735651003007973 
0.93739109297663014697 0.00000000099999999998 0.06260890602336983968 
0.99999999799999994554 0.00000000099999999985 0.00000000099999999985 
0.99999999800000005656 0.00000000099999999986 0.00000000099999999986 
0.99999999799999994554 0.00000000099999999986 0.00000000099999999986 
0.99999999800000005656 0.00000000099999999989 0.00000000099999999989 
0.99999999799999994554 0.00000000099999999985 0.00000000099999999985 
0.99999999800000005656 0.00000000099999999987 0.00000000099999999987 
0.99999999799999994554 0.00000000099999999988 0.00000000099999999988 
0.99999999799999994554 0.00000000099999999988 0.00000000099999999988 
0.99999999800000005656 0.00000000099999999987 0.00000000099999999987 
0.99999999799999994554 0.00000000099999999987 0.00000000099999999987 
0.99999999800000005656 0.00000000099999999986 0.00000000099999999986 
0.99999999799999994554 0.00000000099999999987 0.00000000099999999987 
0.99999999800000005656 0.00000000099999999989 0.00000000099999999989 
0.99999999799999994554 0.00000000099999999987 0.00000000099999999987 
0.99999999800000005656 0.00000000099999999986 0.00000000099999999986 
0.99999999800000005656 0.00000000099999999989 0.00000000099999999989 
0.99999999800000005656 0.00000000099999999987 0.00000000099999999987 
0.99999999799999994554 0.00000000099999999985 0.00000000099999999985 
0.00000000099999999992 0.99999999799999994554 0.00000000099999999992 
0.00000000099999999986 0.99999999800000005656 0.00000000099999999986 
0.64231833158772255743 0.35288472115869551349 0.00479694725358200021 
0.63918465972576954393 0.36081533927423031782 0.00000000100000000000 
0.63335864907919126043 0.36383956737659012282 0.00280178354421867313 
0.37202133787568136825 0.62797866112431866004 0.00000000099999999999 
0.48818128286888773371 0.51181871613111218355 0.00000000099999999996 
0.43298381475968827914 0.56701618424031163812 0.00000000099999999995 
0.51209831336108579958 0.48790168563891411768 0.00000000099999999994 
0.44277954639300559636 0.55722045260699437641 0.00000000099999999993 
0.49237358976172240776 0.50762640923827750949 0.00000000099999999992 
0.52181088460835567400 0.47818911439164413224 0.00000000099999999991 
0.47595635446821432657 0.52404364453178575722 0.00000000099999999992 
0.53698664156705511186 0.45688020393551448395 0.00613315449743041547 
0.48171092011443855663 0.51828907888556141614 0.00000000099999999993 
0.57207935343986293653 0.42792064556013703625 0.00000000099999999992 
0.51574315012515803414 0.48425684887484188312 0.00000000099999999994 
0.52730230146526346768 0.47269769753473650509 0.00000000099999999996 
0.50711139007986705263 0.49288860892013292014 0.00000000099999999994 
0.53407536598805172012 0.46592463301194814163 0.00000000099999999994 
0.31647700665191080827 0.66769498485250511344 0.01582800849558404360 
0.40712209479311012306 0.58547272844426101468 0.00740517676262894380 
0.45450958854543682675 0.54549041045456314603 0.00000000099999999999 
0.33044970225063197145 0.65431099339823040051 0.01523930435113765754 
0.32856508496255582008 0.66566137027354999045 0.00577354476389418340 
0.43631586949466849568 0.53650882312924197404 0.02717530737608953723 
0.32432052353461726657 0.66046899396052227704 0.01521048250486048067 
0.48102764913338358355 0.51897234986661644474 0.00000000100000000000 
0.00000000099999999984 0.00000000099999999984 0.99999999800000005656 
0.00000000099999999981 0.00000000099999999981 0.99999999799999994554 
0.00000000099999999981 0.00000000099999999981 0.99999999800000005656 
0.00000000099999999982 0.00000000099999999982 0.99999999800000005656 
0.00000000099999999981 0.00000000099999999981 0.99999999799999994554 
0.00000000099999999981 0.00000000099999999981 0.99999999800000005656 
0.00000000099999999981 0.00000000099999999981 0.99999999800000005656 
0.00000000099999999981 0.00000000099999999981 0.99999999800000005656 
0.00000000099999999981 0.00000000099999999981 0.99999999800000005656 
0.00000000099999999980 0.00000000099999999980 0.99999999799999994554 
0.00000000099999999984 0.00000000099999999984 0.99999999800000005656 
0.00000000099999999982 0.00000000099999999982 0.99999999799999994554 
0.00000000099999999983 0.00000000099999999983 0.99999999799999994554 
0.00000000099999999986 0.00000000099999999986 0.99999999800000005656 
0.00000000099999999992 0.00000000099999999992 0.99999999799999994554 
0.00000000099999999985 0.00000000099999999985 0.99999999800000005656 
0.37880660558893286538 0.60035114357662389128 0.02084225083444316701 
0.58367520085055446533 0.41632479814944556296 0.00000000099999999995 
0.58119505213972633140 0.41880494686027375240 0.00000000099999999997 
0.01114314168938788409 0.98885685731061223613 0.00000000099999999996 
0.00000000099999999990 0.99999999800000005656 0.00000000099999999990 
0.01975633029318228651 0.98024366870681756136 0.00000000099999999996 
0.00000000099999999995 0.99999999799999994554 0.00000000099999999995 
0.03142129496381776410 0.96857870403618229194 0.00000000099999999997 
0.04007094700879126892 0.95992905199120870385 0.00000000099999999998 
0.00000000099999999991 0.00000000099999999991 0.99999999799999994554 
0.00000000099999999988 0.00000000099999999988 0.99999999799999994554 
0.00000000099999999988 0.00000000099999999988 0.99999999799999994554 
0.00000000099999999988 0.00000000099999999988 0.99999999800000005656 
0.00000000099999999987 0.00000000099999999987 0.99999999800000005656 
0.00000000099999999988 0.00000000099999999988 0.99999999799999994554 
0.00000000099999999988 0.00000000099999999988 0.99999999799999994554 
0.00000000099999999987 0.00000000099999999987 0.99999999800000005656 
0.00000000099999999993 0.00000000099999999993 0.99999999799999994554 
0.00000000099999999990 0.00000000099999999990 0.99999999799999994554 
0.00000000099999999987 0.00000000099999999987 0.99999999799999994554 
0.00000000099999999987 0.00000000099999999987 0.99999999800000005656 
0.92078028476560136451 0.00000000099999999994 0.07921971423439877480 
0.89211891887170391424 0.00000000099999999994 0.10788108012829622506 
0.89399626857782277245 0.00000000099999999995 0.10600373042217725583 
0.91347884623136788029 0.00000000099999999994 0.08652115276863203697 
0.89964172463761871157 0.00000000099999999994 0.10035827436238124732 
0.90143437764358436137 0.00000000099999999994 0.09856562135641562528 
0.89894534706566286975 0.02043202386541168730 0.08062262906892554704 
0.89906091127836540444 0.00000000099999999994 0.10093908772163463772 
0.90868119744926878489 0.00000000099999999994 0.09131880155073125727 
0.90534615820639519068 0.00000000099999999994 0.09465384079360483760 
0.92616434702672123525 0.00000000099999999994 0.07383565197327876528 
0.00000000099999999981 0.99999999799999994554 0.00000000099999999981 
0.00000000099999999980 0.99999999800000005656 0.00000000099999999980 
0.00000000099999999981 0.99999999800000005656 0.00000000099999999981 
0.00000000099999999983 0.99999999800000005656 0.00000000099999999983 
0.00000000099999999980 0.99999999800000005656 0.00000000099999999980 
0.00000000099999999979 0.99999999799999994554 0.00000000099999999979 
0.00000000099999999980 0.99999999799999994554 0.00000000099999999980 
0.00000000099999999980 0.99999999800000005656 0.00000000099999999980 
0.00000000099999999980 0.99999999799999994554 0.00000000099999999980 
0.00000000099999999982 0.99999999800000005656 0.00000000099999999982 
0.00000000099999999981 0.99999999799999994554 0.00000000099999999981 
0.00000000099999999979 0.99999999800000005656 0.00000000099999999979 
0.00000000099999999981 0.99999999799999994554 0.00000000099999999981 
0.00000000099999999980 0.99999999800000005656 0.00000000099999999980 
0.00000000099999999980 0.99999999799999994554 0.00000000099999999980 
0.00000000099999999980 0.99999999799999994554 0.00000000099999999980 
0.28250739557455167850 0.68835436585506037943 0.02913823857038790044 
0.27133419678280762399 0.68067154510215721608 0.04799425811503504197 
0.25517391784332427163 0.72576934434935369556 0.01905673780732201547 
0.38071576391840461495 0.59641254321317382914 0.02287169286842148305 
0.27446191866773189671 0.71418209690094669462 0.01135598443132142255 
0.30597623298255888225 0.66155074460934115699 0.03247302240809990526 
0.34063206437442999919 0.64136044987285079078 0.01800748575271918922 
0.31249206719899264018 0.63531378121039394635 0.05219415159061330245 
0.29741892673619524379 0.66303624640477165642 0.03954482685903310674 
0.33137167720825122519 0.64293254694265111748 0.02569577584909764345 
0.24873837732530248990 0.73152211059728977638 0.01973951207740785863 
0.32721583328985975880 0.65822898485441860839 0.01455518185572162240 
0.24232428861767230099 0.31741120858403498728 0.44026450279829271173 
0.27008300548495839388 0.29317992582583218830 0.43673706868920936230 
0.27128200945198827077 0.31606139239903752181 0.41265659814897426294 
0.26619014274478319804 0.29575566099209354975 0.43805419626312308568 
0.23871234446749770020 0.32908268275071755893 0.43220497278178476863 
0.26499056301429174676 0.30436924796310810271 0.43064018902260020605 
0.00000000099999999981 0.99999999799999994554 0.00000000099999999981 
0.00000000099999999982 0.99999999800000005656 0.00000000099999999982 
0.00000000099999999981 0.99999999799999994554 0.00000000099999999981 
0.00000000099999999980 0.99999999800000005656 0.00000000099999999980 
0.00000000099999999979 0.99999999799999994554 0.00000000099999999979 
0.00000000099999999981 0.99999999800000005656 0.00000000099999999981 
0.00000000099999999984 0.99999999800000005656 0.00000000099999999984 
0.00000000099999999981 0.99999999799999994554 0.00000000099999999981 
0.00000000099999999980 0.99999999799999994554 0.00000000099999999980 
0.00000000099999999982 0.99999999799999994554 0.00000000099999999982 
0.00000000099999999981 0.99999999799999994554 0.00000000099999999981 
0.00000000099999999981 0.99999999799999994554 0.00000000099999999981 
0.00000000099999999988 0.99999999800000005656 0.00000000099999999988 
0.00000000099999999981 0.99999999800000005656 0.00000000099999999981 
0.00000000099999999984 0.99999999800000005656 0.00000000099999999984 
0.00000000099999999980 0.99999999799999994554 0.00000000099999999980 
0.08250584709379917003 0.91749415190620087213 0.00000000099999999997 
0.07363246672794286629 0.92636753227205703709 0.00000000099999999998 
0.00000000099999999991 0.99999999800000005656 0.00000000099999999991 
0.07015397229575548455 0.92984602670424443271 0.00000000099999999998 
0.00000000099999999994 0.99999999800000005656 0.00000000099999999994 
0.27923037664328465013 0.72019145824042885007 0.00057816511628651943 
0.06665445073145734312 0.93334554826854254639 0.00000000099999999997 
0.06673492867044354682 0.93326507032955641208 0.00000000099999999997 
0.06998291583027260732 0.93001708316972730994 0.00000000099999999996 
0.06893528300666550146 0.93106471599333440192 0.00000000099999999996 
0.00415057031380353623 0.99584942868619641398 0.00000000099999999996 
0.01986865824652842699 0.98013134075347152496 0.00000000099999999996 
0.72975881210349424766 0.27024118689650561409 0.00000000099999999999 
0.72544488554264197067 0.27455458741647753573 0.00000052704088046926 
0.73240855236956514673 0.26759144663043471501 0.00000000099999999998 
0.69023661279927184253 0.29058612466379052375 0.01917726253693762678 
0.68953719700750593091 0.30714303996075986714 0.00331976303173422971 
0.63476422688736411359 0.34824200318731313164 0.01699376992532271313 
0.66974214087288486130 0.30781671383056213864 0.02244114529655311455 
0.63327195299458782785 0.34678492345692579768 0.01994312354848638488 
0.64863168717671293440 0.33846446679406511082 0.01290384602922189060 
0.46588657698556762421 0.50003114667046855146 0.03408227634396396311 
0.67768982490918361350 0.29487253264093327143 0.02743764244988318446 
0.00000000099999999992 0.99999999800000005656 0.00000000099999999992 
0.00000000099999999995 0.99999999800000005656 0.00000000099999999995 
0.00000000099999999995 0.99999999800000005656 0.00000000099999999995 
0.00000000099999999993 0.99999999799999994554 0.00000000099999999993 
0.00000000099999999993 0.99999999799999994554 0.00000000099999999993 
0.00000000099999999992 0.99999999800000005656 0.00000000099999999992 
0.00476630659811417331 0.02916590356003650325 0.96606778984184926706 
0.00000000099999999974 0.00000000099999999974 0.99999999799999994554 
0.00000000099999999978 0.00000000099999999978 0.99999999799999994554 
0.00000000099999999975 0.00000000099999999975 0.99999999800000005656 
0.00000000099999999997 0.00343595853646401234 0.99656404046353608273 
0.00000000099999999976 0.00000000099999999976 0.99999999800000005656 
0.00000000099999999975 0.00000000099999999975 0.99999999800000005656 
0.00000000099999999975 0.00000000099999999975 0.99999999799999994554 
0.00000000099999999975 0.00000000099999999975 0.99999999800000005656 
0.00000000099999999976 0.00000000099999999976 0.99999999799999994554 
0.00000000099999999977 0.00000000099999999977 0.99999999800000005656 
0.00000000099999999976 0.00000000099999999976 0.99999999799999994554 
0.00000000099999999974 0.00000000099999999974 0.99999999799999994554 
0.00000000099999999974 0.00000000099999999974 0.99999999800000005656 
0.00000000099999999975 0.00000000099999999975 0.99999999800000005656 
0.00000000099999999973 0.00000000099999999973 0.99999999799999994554 
0.37162613693929630321 0.56840776809286341908 0.05996609496784021526 
0.38916821539135154628 0.52074090873341527530 0.09009087587523322005 
0.36146507002264915975 0.55112790142608558686 0.08740702855126528115 
0.38951877286560881997 0.46910839021969336082 0.14137283691469790248 
0.39509394945929959819 0.55779923193986868935 0.04710681860083179573 
0.38910454621397977393 0.52610098823502471355 0.08479446555099554028 
0.37815121103695026328 0.54208144375455435959 0.07976734520849529386 
0.40104162388817110596 0.51710509576395979892 0.08185328034786920615 
0.36033293424825907358 0.55191030146957120728 0.08775676428216966363 
0.37456459394292046516 0.56451214176315234194 0.06092326429392717901 
0.36350860608053620071 0.51315771000587284689 0.12333368391359096627 
0.36479617939801128879 0.56527225252445179038 0.06993156807753692084 
0.29520840840282208672 0.70475072911494640593 0.00004086248223155736 
0.29631579391010115510 0.70368420508989881768 0.00000000099999999999 
0.28181652615487023938 0.71818347284512962236 0.00000000099999999999 
0.23555128049538900936 0.76444871850461093565 0.00000000099999999999 
0.25831381107120121587 0.74168618792879870139 0.00000000099999999999 
0.24258423525426039968 0.75741576374573960084 0.00000000099999999999 
0.26609814073133347678 0.73390185826866649599 0.00000000099999999999 
0.27450111924926801077 0.72549887975073201751 0.00000000099999999999 
0.24656182408113958004 0.74470292274962557322 0.00873525316923479817 
0.26739323660646330261 0.73260676239353650363 0.00000000099999999998 
0.26737050115951094265 0.73262949784048903012 0.00000000099999999998 
0.24559490335081360368 0.74360010159662193185 0.01080499505256441242 
0.26011853587719574454 0.73988146312280411721 0.00000000100000000000 
0.26511964667944176721 0.73071094601808683766 0.00416940730247146452 
0.00000000099999999990 0.99999999800000005656 0.00000000099999999990 
0.00000000099999999990 0.99999999799999994554 0.00000000099999999990 
0.00000000099999999992 0.99999999799999994554 0.00000000099999999992 
0.00000000099999999989 0.99999999800000005656 0.00000000099999999989 
0.01978377985079627505 0.98021621914920376017 0.00000000099999999998 
0.00000000099999999986 0.99999999799999994554 0.00000000099999999986 
0.00000000099999999990 0.99999999800000005656 0.00000000099999999990 
0.01742299818164276190 0.98257700081835719352 0.00000000099999999993 
0.02121167017460562007 0.97878832882539423821 0.00000000099999999993 
0.00000000099999999989 0.99999999799999994554 0.00000000099999999989 
0.00000000099999999994 0.99999999800000005656 0.00000000099999999994 
0.03517081017036017415 0.96482918882963975005 0.00000000099999999994 
0.00000000099999999999 0.07716229832266932598 0.92283770067733061904 
0.01516500774812706322 0.06619192179638581919 0.91864307045548709851 
0.00000000099999999999 0.06926996107390620550 0.93073003792609387830 
0.00000000099999999999 0.06779469169516180727 0.93220530730483830428 
0.00000000099999999998 0.04771694869182350335 0.95228305030817650412 
0.00000000099999999999 0.08154641033472366518 0.91845358866527637698 
0.00000000099999999999 0.13458791837740724517 0.86541208062259278311 
0.00000000099999999998 0.06389606642276933479 0.93610393257723067961 
0.00000000099999999999 0.09031144825553243105 0.90968855074446763886 
0.00000000099999999998 0.09355829496555205516 0.90644170403444801476 
0.00000000099999999999 0.08776467375568049178 0.91223532524431949486 
0.00000000099999999999 0.05218184976052834406 0.94781814923947160789 
0.01555069993089349366 0.09274683956006858632 0.89170246050903789747 
0.00000000100000000000 0.07053551354816424424 0.92946448545183579792 
0.00000000099999999999 0.14761954293788612236 0.85238045606211387817 
0.00599960639251857081 0.08475158035851484972 0.90924881324896666968 
0.00000000099999999987 0.00000000099999999987 0.99999999800000005656 
0.00000000099999999987 0.00000000099999999987 0.99999999799999994554 
0.00000000099999999997 0.00000000099999999997 0.99999999799999994554 
0.00000000099999999984 0.00000000099999999984 0.99999999800000005656 
0.00000000099999999990 0.00000000099999999990 0.99999999800000005656 
0.00000000099999999988 0.00000000099999999988 0.99999999800000005656 
0.00000000099999999988 0.00000000099999999988 0.99999999800000005656 
0.00000000099999999989 0.00000000099999999989 0.99999999799999994554 
0.00000000099999999988 0.00000000099999999988 0.99999999800000005656 
0.00000000099999999992 0.00000000099999999992 0.99999999800000005656 
0.00000000099999999990 0.00000000099999999990 0.99999999799999994554 
0.00000000099999999987 0.00000000099999999987 0.99999999799999994554 
0.00000000099999999996 0.00000000099999999996 0.99999999799999994554 
0.00000000099999999985 0.00000000099999999985 0.99999999800000005656 
0.00000000099999999986 0.00000000099999999986 0.99999999800000005656 
0.00000000099999999987 0.00000000099999999987 0.99999999799999994554 
0.00000000099999999992 0.99999999800000005656 0.00000000099999999992 
0.00000000099999999996 0.99999999800000005656 0.00000000099999999996 
0.00000000099999999993 0.99999999800000005656 0.00000000099999999993 
0.00000000099999999991 0.99999999799999994554 0.00000000099999999991 
0.00199694003762097665 0.99800305896237895276 0.00000000099999999997 
0.00000000099999999987 0.99999999800000005656 0.00000000099999999987 
0.01043434097800065644 0.98956565802199936144 0.00000000099999999996 
0.01438906004795898787 0.98561093895204099358 0.00000000099999999996 
0.00000000099999999992 0.99999999800000005656 0.00000000099999999992 
0.02683449012439804299 0.97316550887560193672 0.00000000099999999995 
0.00000000099999999991 0.99999999799999994554 0.00000000099999999991 
0.02950803130482840611 0.97049196769517165340 0.00000000099999999994 
0.00129384676907036856 0.99870615223092962243 0.00000000099999999995 
0.00000000099999999990 0.99999999800000005656 0.00000000099999999990 
0.00132733541460126306 0.99867266358539874549 0.00000000100000000000 
0.00000000099999999989 0.99999999800000005656 0.00000000099999999989 
0.28912756764124925013 0.71087243135875077815 0.00000000099999999998 
0.28229143003081125229 0.71770856896918866497 0.00000000099999999998 
0.28211583611090573775 0.71788416288909429053 0.00000000099999999997 
0.38173811671905200082 0.61249619537124655455 0.00576568790970146371 
0.38121676541713089836 0.61552005342616866734 0.00326318115670051496 
0.39443313941192215122 0.60415136425558468858 0.00141549633249309168 
0.99999999800000005656 0.00000000099999999984 0.00000000099999999984 
0.99999999800000005656 0.00000000099999999992 0.00000000099999999992 
0.99999999800000005656 0.00000000099999999987 0.00000000099999999987 
0.99999999799999994554 0.00000000099999999987 0.00000000099999999987 
0.99999999799999994554 0.00000000099999999985 0.00000000099999999985 
0.99999999799999994554 0.00000000099999999989 0.00000000099999999989 
0.99999999800000005656 0.00000000099999999987 0.00000000099999999987 
0.99999999800000005656 0.00000000099999999989 0.00000000099999999989 
0.99999999799999994554 0.00000000099999999986 0.00000000099999999986 
0.99999999799999994554 0.00000000099999999987 0.00000000099999999987 
0.99999999800000005656 0.00000000099999999988 0.00000000099999999988 
0.00000000099999999982 0.99999999800000005656 0.00000000099999999982 
0.00000000099999999983 0.99999999799999994554 0.00000000099999999983 
0.00000000099999999983 0.99999999800000005656 0.00000000099999999983 
0.00000000099999999985 0.99999999799999994554 0.00000000099999999985 
0.00000000099999999981 0.99999999800000005656 0.00000000099999999981 
0.00000000099999999982 0.99999999799999994554 0.00000000099999999982 
0.00000000099999999982 0.99999999800000005656 0.00000000099999999982 
0.00000000099999999982 0.99999999799999994554 0.00000000099999999982 
0.00000000099999999983 0.99999999800000005656 0.00000000099999999983 
0.00000000099999999985 0.99999999799999994554 0.00000000099999999985 
0.00000000099999999984 0.99999999799999994554 0.00000000099999999984 
0.00000000099999999984 0.99999999800000005656 0.00000000099999999984 
0.00000000099999999981 0.99999999800000005656 0.00000000099999999981 
