0.00000000099999999989 0.00000000099999999989 0.00000000099999999989 0.99999999700000008485 
0.00000000099999999990 0.00000000099999999990 0.00000000099999999990 0.99999999700000008485 
0.00000000099999999994 0.00000000099999999994 0.00000000099999999994 0.99999999699999997382 
0.00000001542544045951 0.00000000099999999996 0.00000000099999999996 0.99999998257455957607 
0.00336521238805856035 0.00000000099999999997 0.00000000099999999997 0.99663478561194152050 
0.00000000099999999999 0.00000000099999999999 0.00339863615402331192 0.99660136184597680753 
0.00000000099999999999 0.00000000099999999999 0.00615392742762077300 0.99384607057237928096 
0.00000006348418947122 0.00000000099999999996 0.00000000099999999996 0.99999993451581059567 
0.00000000099999999995 0.00000000099999999995 0.00000000099999999995 0.99999999699999997382 
0.00842169933754411543 0.00000000099999999997 0.00000000099999999997 0.99157829866245594808 
0.00219516775404045425 0.00000000099999999998 0.00000000099999999998 0.99780483024595956199 
0.00961334842391864397 0.00000000099999999998 0.00000000099999999998 0.99038664957608135708 
0.00000000099999999990 0.00000000099999999990 0.00000000099999999990 0.99999999699999997382 
0.00000000099999999995 0.00000000099999999995 0.00000000099999999995 0.99999999699999997382 
0.49243949470047232442 0.46070364683447451171 0.04685685746505307420 0.00000000099999999994 
0.47084144292648999475 0.48262218813642288051 0.04653636793708701425 0.00000000099999999995 
0.45763072715518782196 0.51338208775857896438 0.02898718408623334256 0.00000000099999999994 
0.48006147161250339872 0.48416002188635953729 0.03577850550113700207 0.00000000099999999995 
0.45709365548842972871 0.51442457654989681703 0.02848176696167331254 0.00000000099999999994 
0.47963804116512281928 0.46934064208632525483 0.05102131574855179458 0.00000000099999999994 
0.45416492311110523428 0.48867193662549229805 0.05716313926340243351 0.00000000099999999994 
0.47564455863358984233 0.49049228730000737908 0.03386315306640283462 0.00000000099999999994 
0.45385326845001217055 0.53495879007853364140 0.01118794047145419031 0.00000000099999999995 
0.48512312385742312193 0.49419723411951982373 0.02067964102305690569 0.00000000099999999994 
0.99999999700000008485 0.00000000099999999981 0.00000000099999999981 0.00000000099999999981 
0.99999999700000008485 0.00000000099999999983 0.00000000099999999983 0.00000000099999999983 
0.99999999699999997382 0.00000000099999999979 0.00000000099999999979 0.00000000099999999979 
0.99999999700000008485 0.00000000099999999982 0.00000000099999999982 0.00000000099999999982 
0.99999999699999997382 0.00000000099999999979 0.00000000099999999979 0.00000000099999999979 
0.99999999699999997382 0.00000000099999999977 0.00000000099999999977 0.00000000099999999977 
0.99999999700000008485 0.00000000099999999977 0.00000000099999999977 0.00000000099999999977 
0.99999999700000008485 0.00000000099999999987 0.00000000099999999987 0.00000000099999999987 
0.99999999700000008485 0.00000000099999999989 0.00000000099999999989 0.00000000099999999989 
0.99999999700000008485 0.00000000099999999990 0.00000000099999999990 0.00000000099999999990 
0.99999999699999997382 0.00000000099999999979 0.00000000099999999979 0.00000000099999999979 
0.00000000099999999996 0.93463779046416728402 0.00000000099999999996 0.06536220753583277254 
0.00000000099999999997 0.95626174153046972215 0.00000000099999999997 0.04373825646953021645 
0.00000000099999999998 0.92604018703660495593 0.00222184954373936313 0.07173796241965570142 
0.00000000099999999997 0.94793286606044091513 0.00000000099999999997 0.05206713193955901653 
0.00000000099999999995 0.94053118243119637754 0.00000000099999999995 0.05946881556880358882 
0.00000000099999999995 0.96180497685274279895 0.00000000099999999995 0.03819502114725726455 
0.00000000099999999995 0.92250801027316919889 0.00000000099999999995 0.07749198772683089931 
0.00000000099999999995 0.94890121498181412285 0.00000000099999999995 0.05109878301818593371 
0.00000000099999999997 0.94826278728475854596 0.00000000099999999997 0.05173721071524154530 
0.00000000099999999995 0.94172159182298331714 0.00000000099999999995 0.05827840617701677411 
0.00000000099999999997 0.95009368105513114511 0.00000000099999999997 0.04990631694486880043 
0.00000000099999999978 0.99999999700000008485 0.00000000099999999978 0.00000000099999999978 
0.00000000099999999980 0.99999999700000008485 0.00000000099999999980 0.00000000099999999980 
0.00000000099999999980 0.99999999699999997382 0.00000000099999999980 0.00000000099999999980 
0.00000000099999999986 0.99999999699999997382 0.00000000099999999986 0.00000000099999999986 
0.00000000099999999980 0.99999999699999997382 0.00000000099999999980 0.00000000099999999980 
0.00000000099999999982 0.99999999699999997382 0.00000000099999999982 0.00000000099999999982 
0.00000000099999999984 0.99999999699999997382 0.00000000099999999984 0.00000000099999999984 
0.00000000099999999984 0.99999999699999997382 0.00000000099999999984 0.00000000099999999984 
0.00000000099999999983 0.99999999700000008485 0.00000000099999999983 0.00000000099999999983 
0.00000000099999999983 0.99999999699999997382 0.00000000099999999983 0.00000000099999999983 
0.00000000099999999982 0.99999999699999997382 0.00000000099999999982 0.00000000099999999982 
0.00000000099999999983 0.99999999700000008485 0.00000000099999999983 0.00000000099999999983 
0.00000000099999999985 0.99999999699999997382 0.00000000099999999985 0.00000000099999999985 
0.00000000099999999982 0.99999999699999997382 0.00000000099999999982 0.00000000099999999982 
0.00000000099999999981 0.99999999700000008485 0.00000000099999999981 0.00000000099999999981 
0.00000000099999999985 0.99999999700000008485 0.00000000099999999985 0.00000000099999999985 
0.00000000099999999983 0.99999999699999997382 0.00000000099999999983 0.00000000099999999983 
0.00000000099999999980 0.99999999700000008485 0.00000000099999999980 0.00000000099999999980 
0.99999999699999997382 0.00000000099999999980 0.00000000099999999980 0.00000000099999999980 
0.99999999699999997382 0.00000000099999999975 0.00000000099999999975 0.00000000099999999975 
0.33658992518941527328 0.61401296891354617546 0.04814173337583308593 0.00125537252120545297 
0.34783744181797354722 0.60588703644697095019 0.04627552073505555169 0.00000000099999999999 
0.34499331036851099697 0.60389820584238962375 0.05110848278909936593 0.00000000100000000000 
0.56438188300054048518 0.32550490191410130780 0.11011321408535836019 0.00000000099999999999 
0.43467530637676804472 0.44768609089547334312 0.11763860172775859880 0.00000000099999999997 
0.47996692355979503342 0.39228960251914085644 0.12774347292106405516 0.00000000099999999995 
0.52962899523154727266 0.44794427097568562113 0.02242673279276701653 0.00000000099999999993 
0.56212131300092060826 0.38087451636067426453 0.05700416963840519019 0.00000000099999999993 
0.46864711934678171534 0.44415917638313651139 0.08719370327008178767 0.00000000099999999993 
0.54906668568070315928 0.45093331231929684177 0.00000000099999999990 0.00000000099999999990 
0.55010642937433851252 0.41225033383422809985 0.03764323579143334653 0.00000000099999999992 
0.45585610340803656149 0.48195170692957262082 0.05621838411091920062 0.00597380555147160406 
0.50152970535111940364 0.42642143375651503368 0.07204885989236567423 0.00000000099999999993 
0.42906170565836054820 0.51643726276969326161 0.05450103057194621847 0.00000000099999999992 
0.48446887356916751299 0.45467567565037297905 0.06085544978045956399 0.00000000099999999994 
0.47140534358390445702 0.46285003666128182731 0.06574461875481373008 0.00000000099999999996 
0.47541308158832085162 0.45693104212954915866 0.06765587528213001800 0.00000000099999999994 
0.48631901184840625740 0.47583159451459150491 0.03784939263700228679 0.00000000099999999994 
0.68398558897130434797 0.25553342183159377665 0.04975002092880545512 0.01073096826829648097 
0.63783747545985114424 0.33819232506903718072 0.02050033006507712835 0.00346986940603470672 
0.58467021217735548611 0.38802517247799778177 0.02730461434464684020 0.00000000099999999999 
0.74035381563800273241 0.25161715182372174082 0.00000000100000000000 0.00802903153827567995 
0.76227237414613302491 0.23772762385386700390 0.00000000099999999999 0.00000000099999999999 
0.56563849645057506788 0.37353362013722751778 0.03652945492195126126 0.02429842849024619819 
0.74644000362389328895 0.24371033926264690228 0.00000000100000000000 0.00984965611345975031 
0.57083897797152860498 0.40817854286836308120 0.02098247816010837680 0.00000000100000000000 
0.00000000099999999975 0.00000000099999999975 0.00000000099999999975 0.99999999700000008485 
0.00000000099999999971 0.00000000099999999971 0.00000000099999999971 0.99999999700000008485 
0.00000000099999999970 0.00000000099999999970 0.00000000099999999970 0.99999999700000008485 
0.00000000099999999973 0.00000000099999999973 0.00000000099999999973 0.99999999700000008485 
0.00000000099999999971 0.00000000099999999971 0.00000000099999999971 0.99999999700000008485 
0.00000000099999999972 0.00000000099999999972 0.00000000099999999972 0.99999999699999997382 
0.00000000099999999971 0.00000000099999999971 0.00000000099999999971 0.99999999699999997382 
0.00000000099999999971 0.00000000099999999971 0.00000000099999999971 0.99999999699999997382 
0.00000000099999999970 0.00000000099999999970 0.00000000099999999970 0.99999999700000008485 
0.00000000099999999970 0.00000000099999999970 0.00000000099999999970 0.99999999700000008485 
0.00000000099999999974 0.00000000099999999974 0.00000000099999999974 0.99999999700000008485 
0.00000000099999999972 0.00000000099999999972 0.00000000099999999972 0.99999999699999997382 
0.00000000099999999973 0.00000000099999999973 0.00000000099999999973 0.99999999700000008485 
0.00000000099999999978 0.00000000099999999978 0.00000000099999999978 0.99999999699999997382 
0.00000000099999999986 0.00000000099999999986 0.00000000099999999986 0.99999999699999997382 
0.00000000099999999976 0.00000000099999999976 0.00000000099999999976 0.99999999699999997382 
0.60445222382820318341 0.31507399825838067198 0.06264698970057061556 0.01782678821284554987 
0.42936540233073811068 0.52890322539116174649 0.04173137127809999070 0.00000000099999999995 
0.44046508276218271360 0.52111710179066172977 0.03841781444715552246 0.00000000099999999997 
0.99999999700000008485 0.00000000099999999987 0.00000000099999999987 0.00000000099999999987 
0.40201253347266369120 0.00000000099999999992 0.59798746452733630985 0.00000000099999999992 
0.99999999700000008485 0.00000000099999999988 0.00000000099999999988 0.00000000099999999988 
0.99999999700000008485 0.00000000099999999988 0.00000000099999999988 0.00000000099999999988 
0.99999999699999997382 0.00000000099999999991 0.00000000099999999991 0.00000000099999999991 
0.99999999699999997382 0.00000000099999999994 0.00000000099999999994 0.00000000099999999994 
0.00000000099999999986 0.00000000099999999986 0.00000000099999999986 0.99999999700000008485 
0.00000000099999999982 0.00000000099999999982 0.00000000099999999982 0.99999999700000008485 
0.00000000099999999981 0.00000000099999999981 0.00000000099999999981 0.99999999699999997382 
0.00000000099999999981 0.00000000099999999981 0.00000000099999999981 0.99999999700000008485 
0.00000000099999999979 0.00000000099999999979 0.00000000099999999979 0.99999999700000008485 
0.00000000099999999980 0.00000000099999999980 0.00000000099999999980 0.99999999699999997382 
0.00000000099999999980 0.00000000099999999980 0.00000000099999999980 0.99999999699999997382 
0.00000000099999999980 0.00000000099999999980 0.00000000099999999980 0.99999999700000008485 
0.00000000099999999987 0.00000000099999999987 0.00000000099999999987 0.99999999700000008485 
0.00000000099999999983 0.00000000099999999983 0.00000000099999999983 0.99999999699999997382 
0.00000000099999999980 0.00000000099999999980 0.00000000099999999980 0.99999999699999997382 
0.00000000099999999979 0.00000000099999999979 0.00000000099999999979 0.99999999699999997382 
0.00000000099999999988 0.95511458542879590361 0.00000000099999999988 0.04488541257120409744 
0.00000000099999999987 0.92307410495695563224 0.00000000099999999987 0.07692589304304447984 
0.00000000099999999991 0.92283043827950850257 0.00000000099999999991 0.07716955972049165113 
0.00000000099999999986 0.94693379084654594191 0.00000000099999999986 0.05306620715345420486 
0.00000000099999999988 0.93046282262622592718 0.00000000099999999988 0.06953717537377415714 
0.00000000099999999988 0.93363469404167553911 0.00000000099999999988 0.06636530395832448970 
0.00573593220567813599 0.93145429743530694378 0.00969055572021597367 0.05311921463879896305 
0.00000000099999999988 0.93150535471941986465 0.00000000099999999988 0.06849464328058017804 
0.00000000099999999987 0.94207195984591329818 0.00000000099999999987 0.05792803815408664736 
0.00000000099999999987 0.93734991828164582195 0.00000000099999999987 0.06265007971835424849 
0.00000000099999999988 0.95935494364498219433 0.00000000099999999988 0.04064505435501779285 
0.49867704498314913142 0.00000000099999999982 0.50132295301685081412 0.00000000099999999982 
0.31949463450014031762 0.00000000099999999983 0.68050536349985957241 0.00000000099999999983 
0.30540713564001659153 0.00000000099999999983 0.69459286235998329850 0.00000000099999999983 
0.64959990208510631771 0.00000000099999999983 0.35040009591489351681 0.00000000099999999983 
0.26778713359683603557 0.00000000099999999982 0.73221286440316390998 0.00000000099999999982 
0.32452216857830940011 0.00000000099999999982 0.67547782942169054543 0.00000000099999999982 
0.00000000099999999947 0.00000000099999999947 0.99999999699999986280 0.00000000099999999947 
0.12736310911097722953 0.00000000099999999982 0.87263688888902279928 0.00000000099999999982 
0.19799289433277003636 0.00000000099999999983 0.80200710366723004796 0.00000000099999999983 
0.65848872218229503872 0.00000000099999999983 0.34151127581770490682 0.00000000099999999983 
0.18575937061053482413 0.00000000099999999983 0.81424062738946501039 0.00000000099999999983 
0.42357292001212942800 0.00000000099999999981 0.57642707798787051754 0.00000000099999999981 
0.70881345308385379500 0.00000000099999999982 0.29118654491614609503 0.00000000099999999982 
0.47438329447459831600 0.00000000099999999982 0.52561670352540168505 0.00000000099999999982 
0.22774843854427542778 0.00000000099999999983 0.77225155945572443450 0.00000000099999999983 
0.40538686324782824411 0.00000000099999999982 0.59461313475217170144 0.00000000099999999982 
0.57275484504686002829 0.24375676916855021359 0.15622701324038243409 0.02726137254420729975 
0.61014967850004664385 0.22637863204127611771 0.11872031371134952882 0.04475137574732764717 
0.66714218606792807797 0.20427845052096596512 0.11276287220026470770 0.01581649121084110696 
0.52564728005498473351 0.32318652546999193653 0.13043476595013658859 0.02073142852488673443 
0.59443818714041241069 0.23286260870253158717 0.16563984125720052076 0.00705936289985542847 
0.56213216766369633604 0.25928645706328073972 0.14704394936805822991 0.03153742590496470821 
0.54735364383622131523 0.29792292860570740443 0.13687991143788108550 0.01784351612019025382 
0.59553962996139364616 0.26392027303853304865 0.09229137888625502106 0.04824871811381821474 
0.59777878007171814101 0.24633865847504579638 0.11903588441868005743 0.03684667703455601212 
0.59275693525770289938 0.27813130529783441913 0.10653616142802116440 0.02257559801644140260 
0.57679488521167887605 0.21467499928939515197 0.19130496015817768929 0.01722515534074827923 
0.60960210187275043481 0.27140414662265488488 0.10627344554575013369 0.01272030595884449111 
0.30834303247687294691 0.21797948725507471091 0.03514536888947631527 0.43853211137857606161 
0.31315953272359753345 0.24043464738126499314 0.01371457014458051307 0.43269124975055694993 
0.32897487297856353727 0.24445613917212882793 0.01754451614803157963 0.40902447170127603782 
0.32708159789503599146 0.23342847356857626684 0.00727180912256882462 0.43221811941381887978 
0.34354500651127273247 0.20577344499284117019 0.02153481687073930881 0.42914673162514677118 
0.29585932616911730930 0.23882575275697051631 0.03865537755434574063 0.42665954351956647539 
0.72164232062299438208 0.00000000099999999981 0.27835767737700561897 0.00000000099999999981 
0.45406852355938986943 0.00000000099999999984 0.54593147444060996509 0.00000000099999999984 
0.58416009467106000397 0.00000000099999999982 0.41583990332894005260 0.00000000099999999982 
0.42328965851126765241 0.00000000099999999982 0.57671033948873229313 0.00000000099999999982 
0.53122542032532960032 0.00000000099999999980 0.46877457767467034522 0.00000000099999999980 
0.41545409994289034250 0.00000000099999999983 0.58454589805710965855 0.00000000099999999983 
0.66648185382314240055 0.00000000099999999984 0.33351814417685765601 0.00000000099999999984 
0.64374865335384789944 0.00000000099999999982 0.35625134464615215713 0.00000000099999999982 
0.51862121606272137964 0.00000000099999999982 0.48137878193727867693 0.00000000099999999982 
0.54702029245506900157 0.00000000099999999983 0.45297970554493094397 0.00000000099999999983 
0.44267835069204575227 0.00000000099999999983 0.55732164730795419327 0.00000000099999999983 
0.70222230708072841399 0.00000000099999999981 0.29777769091927153156 0.00000000099999999981 
0.70722516817870073602 0.00000000099999999987 0.29277482982129920952 0.00000000099999999987 
0.38891036251995569906 0.00000000099999999983 0.61108963548004413546 0.00000000099999999983 
0.53226558277963509358 0.00000000099999999984 0.46773441522036490747 0.00000000099999999984 
0.45946761200287095095 0.00000000099999999982 0.54053238599712893908 0.00000000099999999982 
0.99999993146619992057 0.00000006653379997438 0.00000000099999999995 0.00000000099999999995 
0.99999999699999997382 0.00000000099999999993 0.00000000099999999993 0.00000000099999999993 
0.99999999699999997382 0.00000000099999999979 0.00000000099999999979 0.00000000099999999979 
0.99999999699999997382 0.00000000099999999994 0.00000000099999999994 0.00000000099999999994 
0.99999999699999997382 0.00000000099999999980 0.00000000099999999980 0.00000000099999999980 
0.74914410316432544779 0.24135253150376728692 0.00950336433190711663 0.00000000099999999999 
0.99999999700000008485 0.00000000099999999992 0.00000000099999999992 0.00000000099999999992 
0.96485806373807547764 0.00328840357443551876 0.03185353168748904229 0.00000000099999999996 
0.96034593387166455880 0.02028332153322169595 0.01937074359511381516 0.00000000099999999995 
0.95184809066458919702 0.00800307229296283104 0.04014883604244795512 0.00000000099999999995 
0.99351190765334629340 0.00000000099999999989 0.00648809034665380133 0.00000000099999999989 
0.98390597850690608706 0.00000000099999999995 0.01609401949309393134 0.00000000099999999995 
0.24876183785692135286 0.70747463686619826984 0.04376352427688017660 0.00000000099999999999 
0.25413793280464153090 0.70321400915482779048 0.04264805704053060281 0.00000000099999999999 
0.24928383301127249316 0.70870112650125016707 0.04201503948747730560 0.00000000099999999998 
0.33441890418011432917 0.65175584791111484950 0.00000000099999999999 0.01382524690877082359 
0.30173581225697126973 0.66465448206106980678 0.03360970332071389760 0.00000000236124497138 
0.30986131210844669592 0.61129816762403588193 0.06444172254868220373 0.01439879771883519066 
0.35070709684430662056 0.63184153235771245427 0.00000623799690083754 0.01744513280108006548 
0.30894134263070244240 0.61203526875203262403 0.06078139550092951510 0.01824199311633553297 
0.30787509257415957009 0.62495466555731726821 0.05680125506746216274 0.01036898680106099375 
0.51524837914767018798 0.42948046500752318222 0.02677605569872416880 0.02849510014608239855 
0.33842642596074884453 0.63944973957199269243 0.00000000099999999999 0.02212383346725858499 
0.99999999699999997382 0.00000000099999999981 0.00000000099999999981 0.00000000099999999981 
0.99999999699999997382 0.00000000099999999987 0.00000000099999999987 0.00000000099999999987 
0.99999999699999997382 0.00000000099999999985 0.00000000099999999985 0.00000000099999999985 
0.99999999699999997382 0.00000000099999999980 0.00000000099999999980 0.00000000099999999980 
0.99999999699999997382 0.00000000099999999983 0.00000000099999999983 0.00000000099999999983 
0.99999999700000008485 0.00000000099999999979 0.00000000099999999979 0.00000000099999999979 
0.01046263244189616151 0.00835794159879682357 0.01439322163275875109 0.96678620432654827077 
0.00000000099999999960 0.00000000099999999960 0.00000000099999999960 0.99999999700000008485 
0.00000000099999999967 0.00000000099999999967 0.00000000099999999967 0.99999999699999997382 
0.00000000099999999961 0.00000000099999999961 0.00000000099999999961 0.99999999700000008485 
0.00835044630916508858 0.00000000099999999993 0.00000000099999999993 0.99164955169083479625 
0.00000000099999999963 0.00000000099999999963 0.00000000099999999963 0.99999999699999997382 
0.00000000099999999962 0.00000000099999999962 0.00000000099999999962 0.99999999699999997382 
0.00000000099999999962 0.00000000099999999962 0.00000000099999999962 0.99999999699999997382 
0.00000000099999999962 0.00000000099999999962 0.00000000099999999962 0.99999999699999997382 
0.00000000099999999963 0.00000000099999999963 0.00000000099999999963 0.99999999700000008485 
0.00000000099999999965 0.00000000099999999965 0.00000000099999999965 0.99999999699999997382 
0.00000000099999999963 0.00000000099999999963 0.00000000099999999963 0.99999999700000008485 
0.00000000099999999959 0.00000000099999999959 0.00000000099999999959 0.99999999700000008485 
0.00000000099999999960 0.00000000099999999960 0.00000000099999999960 0.99999999700000008485 
0.00000000099999999962 0.00000000099999999962 0.00000000099999999962 0.99999999699999997382 
0.00000000099999999958 0.00000000099999999958 0.00000000099999999958 0.99999999700000008485 
0.62148950246513778861 0.30488234337272757113 0.02121917120350031924 0.05240898295863435918 
0.60258336200944084826 0.31715315752476136435 0.00000000100000000000 0.08026347946579792669 
0.61620037537403338224 0.29357085595193355143 0.00868709947359537667 0.08154166920043774691 
0.51828389280479247869 0.33026176305813981227 0.01715224915010372594 0.13430209498696396575 
0.60827047714551440993 0.33574116371956524985 0.01749096451573079608 0.03849739461918953026 
0.59600550806419227978 0.32643290893368592798 0.00228336012997291385 0.07527822287214884500 
0.61414409079782905643 0.31193588296577084984 0.00182014579146417459 0.07209988044493596815 
0.60059245914792536158 0.32533534476797243418 0.00000000100000000000 0.07407219508410224640 
0.63702937453409047563 0.28667595365010911657 0.00000000099999999999 0.07629467081580046384 
0.61506200183486647859 0.30917808434663829331 0.02352355091264152903 0.05223636290585365743 
0.57899937679781843247 0.29942362803649957836 0.00599001749615431407 0.11558697766952766295 
0.61812369942657463540 0.29789239292952840454 0.02224986653380410517 0.06173404111009280631 
0.66694831954472244551 0.22994784321598440990 0.10310383623929313124 0.00000000099999999999 
0.69974940584295508561 0.22640271326496275162 0.07384787989208224657 0.00000000099999999998 
0.72619475563673396845 0.21535283286249709556 0.05845241050076890182 0.00000000099999999998 
0.70806739911051919112 0.17784007937040352543 0.11409252051907729786 0.00000000099999999998 
0.72253345519253753260 0.18590376265895142138 0.09156278114851101879 0.00000000099999999999 
0.69936459809229878370 0.18579687478877748852 0.11483852611892361728 0.00000000099999999998 
0.70696786987914439493 0.20541677571151525927 0.08761535340934026306 0.00000000099999999998 
0.64973210814393034251 0.21857496124334144239 0.13169292961272818787 0.00000000099999999999 
0.68031205597149679853 0.19263291955689407220 0.12358429568930420772 0.00347072878230484652 
0.69226172612263492390 0.20519948695665757299 0.10253878592070743425 0.00000000099999999997 
0.71758950786320552240 0.19763932911177856111 0.08477116202501576436 0.00000000099999999998 
0.70415109044442247832 0.18545635518444489320 0.10158743158242002080 0.00880512278871261982 
0.75743680822183467871 0.18388831030026284163 0.05867488047790245936 0.00000000099999999999 
0.66702686985054771007 0.21123284042695844587 0.12174028872249384459 0.00000000100000000000 
0.99999999700000008485 0.00000000099999999983 0.00000000099999999983 0.00000000099999999983 
0.99999999699999997382 0.00000000099999999983 0.00000000099999999983 0.00000000099999999983 
0.99999999700000008485 0.00000000099999999986 0.00000000099999999986 0.00000000099999999986 
0.99999999700000008485 0.00000000099999999982 0.00000000099999999982 0.00000000099999999982 
0.94928639944302262155 0.00000000099999999992 0.05071359855697748359 0.00000000099999999992 
0.99999999700000008485 0.00000000099999999981 0.00000000099999999981 0.00000000099999999981 
0.99999999700000008485 0.00000000099999999982 0.00000000099999999982 0.00000000099999999982 
0.95671131530150499422 0.00000000099999999989 0.04328868269849493050 0.00000000099999999989 
0.99463240493652427254 0.00000000099999999989 0.00536759306347580310 0.00000000099999999989 
0.99999999699999997382 0.00000000099999999980 0.00000000099999999980 0.00000000099999999980 
0.98339906745136851374 0.00000000099999999989 0.01660093054863153242 0.00000000099999999989 
0.95984394261784899971 0.01644442867383290319 0.02371162770831803171 0.00000000099999999992 
0.08249272102005830720 0.00000000099999999998 0.00068639717737850213 0.91682088080256318730 
0.06480994825569504070 0.01020411524281598925 0.00837515988851302885 0.91661077661297596375 
0.07215655335899222311 0.00000000099999999997 0.00000000099999999997 0.92784344464100776406 
0.06371386027483469383 0.00000000099999999999 0.00599809122343581812 0.93028804750172933158 
0.04843604413970688943 0.00000000099999999997 0.00104994362287664199 0.95051401123741641186 
0.05501418481695542068 0.00000000099999999999 0.02653793355934217640 0.91844788062370230630 
0.11507137696538409510 0.00000000099999999998 0.02222913520453714126 0.86269948683007879886 
0.06829470599852302537 0.00000000099999999996 0.00000000099999999996 0.93170529200147700344 
0.09638103588346072503 0.00000000099999999997 0.00000000099999999997 0.90361896211653913724 
0.09686887569378670182 0.00000000099999999997 0.00000000099999999997 0.90313112230621339638 
0.08656694063525088856 0.00000000099999999998 0.00337700387619027436 0.91005605448855875217 
0.05441221017020312495 0.00000000099999999999 0.00107122574881762778 0.94451656308097931003 
0.09620067196015222311 0.00437390975062964139 0.00970592015999970428 0.88971949812921846679 
0.07955981451440508057 0.00000000099999999997 0.00000000099999999997 0.92044018348559497600 
0.10654669308476749645 0.00000000099999999999 0.04119785142465310496 0.85225545449057937830 
0.08851893739842922604 0.00000000099999999999 0.00598261074080104135 0.90549845086076985456 
0.00000000099999999980 0.00000000099999999980 0.00000000099999999980 0.99999999700000008485 
0.00000000099999999981 0.00000000099999999981 0.00000000099999999981 0.99999999699999997382 
0.00000000099999999994 0.00000000099999999994 0.00000000099999999994 0.99999999700000008485 
0.00000000099999999976 0.00000000099999999976 0.00000000099999999976 0.99999999699999997382 
0.00000000099999999987 0.00000000099999999987 0.00000000099999999987 0.99999999699999997382 
0.00000000099999999982 0.00000000099999999982 0.00000000099999999982 0.99999999699999997382 
0.00000000099999999981 0.00000000099999999981 0.00000000099999999981 0.99999999700000008485 
0.00000000099999999983 0.00000000099999999983 0.00000000099999999983 0.99999999700000008485 
0.00000000099999999981 0.00000000099999999981 0.00000000099999999981 0.99999999700000008485 
0.00000000099999999988 0.00000000099999999988 0.00000000099999999988 0.99999999700000008485 
0.00000000099999999984 0.00000000099999999984 0.00000000099999999984 0.99999999700000008485 
0.00000000099999999981 0.00000000099999999981 0.00000000099999999981 0.99999999700000008485 
0.00000000099999999994 0.00000000099999999994 0.00803541071649915666 0.99196458728350078715 
0.00000000099999999977 0.00000000099999999977 0.00000000099999999977 0.99999999700000008485 
0.00000000099999999979 0.00000000099999999979 0.00000000099999999979 0.99999999700000008485 
0.00000000099999999981 0.00000000099999999981 0.00000000099999999981 0.99999999700000008485 
0.99999999699999997382 0.00000000099999999988 0.00000000099999999988 0.00000000099999999988 
0.99347914785477497990 0.00000000099999999989 0.00652085014522504024 0.00000000099999999989 
0.96985332717722261275 0.00000000099999999988 0.03014667082277731891 0.00000000099999999988 
0.97257932570527982907 0.00000000099999999988 0.02742067229472007830 0.00000000099999999988 
0.97757713273983160018 0.00000000099999999988 0.02242286526016849801 0.00000000099999999988 
0.99999999699999997382 0.00000000099999999981 0.00000000099999999981 0.00000000099999999981 
0.99999999700000008485 0.00000000099999999989 0.00000000099999999989 0.00000000099999999989 
0.99999999699999997382 0.00000000099999999990 0.00000000099999999990 0.00000000099999999990 
0.99999999699999997382 0.00000000099999999982 0.00000000099999999982 0.00000000099999999982 
0.97898008203284159201 0.00000000099999999992 0.02101991596715846802 0.00000000099999999992 
0.99999999699999997382 0.00000000099999999985 0.00000000099999999985 0.00000000099999999985 
0.95256341692023194234 0.00000000099999999992 0.04743658107976803789 0.00000000099999999992 
0.97538545127106857091 0.00000000099999999987 0.02461454672893136075 0.00000000099999999987 
0.99999999700000008485 0.00000000099999999981 0.00000000099999999981 0.00000000099999999981 
0.96541190062295434426 0.00000000099999999993 0.03458809737704566373 0.00000000099999999993 
0.99999999700000008485 0.00000000099999999982 0.00000000099999999982 0.00000000099999999982 
0.68559996907794817922 0.21609790216179730615 0.09830212776025448740 0.00000000099999999997 
0.69314420127310849562 0.21029335711752117355 0.09656244060937024809 0.00000000099999999998 
0.68689904580390548361 0.21087097523627848505 0.10222997795981605962 0.00000000099999999997 
0.59931906724031358547 0.32017617419174559945 0.07841295673788098441 0.00209180183005984975 
0.60322168821692900842 0.31623182929851129108 0.08054648148455964551 0.00000000100000000000 
0.61893588180709158131 0.32282655785824770911 0.05823755933466059215 0.00000000099999999999 
0.00000000099999999980 0.99999999699999997382 0.00000000099999999980 0.00000000099999999980 
0.00000000099999999990 0.99999999699999997382 0.00000000099999999990 0.00000000099999999990 
0.00000000099999999982 0.99999999700000008485 0.00000000099999999982 0.00000000099999999982 
0.00000000099999999982 0.99999999700000008485 0.00000000099999999982 0.00000000099999999982 
0.00000000099999999980 0.99999999699999997382 0.00000000099999999980 0.00000000099999999980 
0.00000000099999999985 0.99999999699999997382 0.00000000099999999985 0.00000000099999999985 
0.00000000099999999982 0.99999999700000008485 0.00000000099999999982 0.00000000099999999982 
0.00000000099999999985 0.99999999699999997382 0.00000000099999999985 0.00000000099999999985 
0.00000000099999999981 0.99999999699999997382 0.00000000099999999981 0.00000000099999999981 
0.00000000099999999983 0.99999999699999997382 0.00000000099999999983 0.00000000099999999983 
0.00000000099999999984 0.99999999700000008485 0.00000000099999999984 0.00000000099999999984 
0.00000000099999999953 0.00000000099999999953 0.99999999699999997382 0.00000000099999999953 
0.00000000099999999952 0.00000000099999999952 0.99999999699999986280 0.00000000099999999952 
0.00000000099999999953 0.00000000099999999953 0.99999999699999997382 0.00000000099999999953 
0.00000000099999999953 0.00000000099999999953 0.99999999699999997382 0.00000000099999999953 
0.00000000099999999952 0.00000000099999999952 0.99999999699999997382 0.00000000099999999952 
0.00000000099999999948 0.00000000099999999948 0.99999999699999986280 0.00000000099999999948 
0.00000000099999999950 0.00000000099999999950 0.99999999699999986280 0.00000000099999999950 
0.00000000099999999949 0.00000000099999999949 0.99999999699999986280 0.00000000099999999949 
0.00000000099999999955 0.00000000099999999955 0.99999999699999986280 0.00000000099999999955 
0.00000000099999999953 0.00000000099999999953 0.99999999699999997382 0.00000000099999999953 
0.00000000099999999953 0.00000000099999999953 0.99999999699999997382 0.00000000099999999953 
0.00000000099999999952 0.00000000099999999952 0.99999999699999997382 0.00000000099999999952 
0.00000000099999999953 0.00000000099999999953 0.99999999699999986280 0.00000000099999999953 
