0.00000000099999999976 0.99999999600000000211 0.00000000099999999976 0.00000000099999999976 0.00000000099999999976 
0.01855761212909746646 0.98144238487090262879 0.00000000099999999980 0.00000000099999999980 0.00000000099999999980 
0.00000000099999999984 0.99999999600000000211 0.00000000099999999984 0.00000000099999999984 0.00000000099999999984 
0.00000000099999999985 0.99999999600000011313 0.00000000099999999985 0.00000000099999999985 0.00000000099999999985 
0.01824217660046974568 0.98175782039953030100 0.00000000099999999988 0.00000000099999999988 0.00000000099999999988 
0.03785047515701640136 0.96214952184298374593 0.00000000099999999989 0.00000000099999999989 0.00000000099999999989 
0.00793726201643183207 0.99206273498356822849 0.00000000099999999988 0.00000000099999999988 0.00000000099999999988 
0.00311337582602107298 0.99688662117397897067 0.00000000099999999983 0.00000000099999999983 0.00000000099999999983 
0.01989433225986369028 0.98010566474013627314 0.00000000099999999982 0.00000000099999999982 0.00000000099999999982 
0.00000000099999999985 0.99999999600000000211 0.00000000099999999985 0.00000000099999999985 0.00000000099999999985 
0.00000000099999999983 0.99999999600000000211 0.00000000099999999983 0.00000000099999999983 0.00000000099999999983 
0.01486420143894156762 0.98513579556105834723 0.00000000099999999987 0.00000000099999999987 0.00000000099999999987 
0.00361040879045327300 0.99638958820954670603 0.00000000099999999979 0.00000000099999999979 0.00000000099999999979 
0.02611614863146946228 0.97388384836853059134 0.00000000099999999984 0.00000000099999999984 0.00000000099999999984 
0.00000000099999999989 0.00000000099999999989 0.50699463751795592614 0.04883584706214259136 0.44416951341990140723 
0.00000000099999999991 0.00000000099999999991 0.52747307910123264474 0.04820980048114474614 0.42431711841762259629 
0.00000000099999999989 0.00000000099999999989 0.56384974180387970044 0.02968752248775807095 0.40646273370836216721 
0.00000000099999999989 0.00000000099999999989 0.52883771210810270880 0.03708562443558699462 0.43407666145631035315 
0.00000000099999999989 0.00000000099999999989 0.56145705893959219068 0.02821963339458428630 0.41032330566582358999 
0.00000000099999999990 0.00000000099999999990 0.51424276908586563639 0.05351830694801413407 0.43223892196612029304 
0.00000000099999999988 0.00000000099999999988 0.52991690451957595975 0.05871659266367418306 0.41136650081674980273 
0.00000000099999999988 0.00000000099999999988 0.53841226146055531920 0.03480853053832149574 0.42677920600112317917 
0.00000000099999999989 0.00000000099999999989 0.58619540215975929343 0.01097862580888684346 0.40282597003135378610 
0.00000000099999999989 0.00000000099999999989 0.54106270869298500603 0.02081140618858140848 0.43812588311843364552 
0.00000000099999999972 0.00000000099999999972 0.00000000099999999972 0.00000000099999999972 0.99999999599999989108 
0.00000000099999999974 0.00000000099999999974 0.00000000099999999974 0.00000000099999999974 0.99999999599999989108 
0.00000000099999999969 0.00000000099999999969 0.00000000099999999969 0.00000000099999999969 0.99999999599999989108 
0.00000000099999999973 0.00000000099999999973 0.00000000099999999973 0.00000000099999999973 0.99999999599999989108 
0.00000000099999999969 0.00000000099999999969 0.00000000099999999969 0.00000000099999999969 0.99999999599999989108 
0.00000000099999999966 0.00000000099999999966 0.00000000099999999966 0.00000000099999999966 0.99999999600000000211 
0.00000000099999999967 0.00000000099999999967 0.00000000099999999967 0.00000000099999999967 0.99999999599999989108 
0.00000000099999999981 0.00000000099999999981 0.00000000099999999981 0.00000000099999999981 0.99999999599999989108 
0.00000000099999999986 0.00000000099999999986 0.00000032477121775938 0.00000000800719003905 0.99999966522159222659 
0.00000000099999999982 0.00000000099999999982 0.00075502236730309554 0.00000000099999999982 0.99924497463269679187 
0.00000000099999999970 0.00000000099999999970 0.00000000099999999970 0.00000000099999999970 0.99999999599999989108 
0.11711646718263059308 0.00000000099999999997 0.88288352981736939462 0.00000000099999999997 0.00000000099999999997 
0.09725715672506896059 0.00000000099999999996 0.90274284027493112426 0.00000000099999999996 0.00000000099999999996 
0.11313075166086701551 0.00683371705274539443 0.87582900731292767649 0.00420652297346002079 0.00000000099999999998 
0.09938353957161720487 0.00302691182316521977 0.89758954660521750313 0.00000000099999999997 0.00000000099999999997 
0.10903703550313739723 0.00000000099999999995 0.89096296149686271537 0.00000000099999999995 0.00000000099999999995 
0.09129688291147838863 0.00000000099999999994 0.90870311408852166846 0.00000000099999999994 0.00000000099999999994 
0.12030539787624054682 0.00328889206865198586 0.87640570805510742414 0.00000000099999999996 0.00000000099999999996 
0.09523214108612129691 0.00000000099999999995 0.90476785591387864915 0.00000000099999999995 0.00000000099999999995 
0.10339255896277037283 0.00000000099999999997 0.89660743803722964262 0.00000000099999999997 0.00000000099999999997 
0.10969117595843946855 0.00000000099999999994 0.89030882104156061629 0.00000000099999999994 0.00000000099999999994 
0.10119710237899894045 0.00000000099999999996 0.89880289462100104725 0.00000000099999999996 0.00000000099999999996 
0.00000000099999999966 0.00000000099999999966 0.99999999600000000211 0.00000000099999999966 0.00000000099999999966 
0.00000000099999999969 0.00000000099999999969 0.99999999599999989108 0.00000000099999999969 0.00000000099999999969 
0.00000000099999999969 0.00000000099999999969 0.99999999599999989108 0.00000000099999999969 0.00000000099999999969 
0.00000000099999999976 0.00000000099999999976 0.99999999600000000211 0.00000000099999999976 0.00000000099999999976 
0.00000000099999999968 0.00000000099999999968 0.99999999599999989108 0.00000000099999999968 0.00000000099999999968 
0.00000000099999999971 0.00000000099999999971 0.99999999599999989108 0.00000000099999999971 0.00000000099999999971 
0.00000000099999999973 0.00000000099999999973 0.99999999600000000211 0.00000000099999999973 0.00000000099999999973 
0.00000000099999999974 0.00000000099999999974 0.99999999600000000211 0.00000000099999999974 0.00000000099999999974 
0.00000000099999999971 0.00000000099999999971 0.99999999600000000211 0.00000000099999999971 0.00000000099999999971 
0.00000000099999999972 0.00000000099999999972 0.99999999599999989108 0.00000000099999999972 0.00000000099999999972 
0.00000000099999999970 0.00000000099999999970 0.99999999599999989108 0.00000000099999999970 0.00000000099999999970 
0.00000000099999999971 0.00000000099999999971 0.99999999600000000211 0.00000000099999999971 0.00000000099999999971 
0.00000000099999999975 0.00000000099999999975 0.99999999599999989108 0.00000000099999999975 0.00000000099999999975 
0.00000000099999999971 0.00000000099999999971 0.99999999600000000211 0.00000000099999999971 0.00000000099999999971 
0.00000000099999999969 0.00000000099999999969 0.99999999599999989108 0.00000000099999999969 0.00000000099999999969 
0.00000000099999999976 0.00000000099999999976 0.99999999600000000211 0.00000000099999999976 0.00000000099999999976 
0.00000000099999999972 0.00000000099999999972 0.99999999600000000211 0.00000000099999999972 0.00000000099999999972 
0.00000000099999999968 0.00000000099999999968 0.99999999600000000211 0.00000000099999999968 0.00000000099999999968 
0.00000000099999999972 0.00000000099999999972 0.00000000099999999972 0.00000000099999999972 0.99999999599999989108 
0.00000000099999999963 0.00000000099999999963 0.00000000099999999963 0.00000000099999999963 0.99999999599999989108 
0.04035092960167461357 0.00000000099999999998 0.58997682585865318661 0.04809115121884868782 0.32158109232082338069 
0.03408510222339643236 0.00000000099999999998 0.58324659526402478082 0.04642547842978710787 0.33624282308279168641 
0.04142872043462567100 0.00000000099999999998 0.57714890386032935421 0.05099793772975146772 0.33042443697529361168 
0.00000000099999999997 0.01049955864285605049 0.35266095033519279101 0.11289349322960007260 0.52394599679235098755 
0.00000000099999999994 0.00000000099999999994 0.47802269789613704987 0.11762800503171159938 0.40434929507215128242 
0.00000000099999999990 0.00000000099999999990 0.42414894201884684177 0.12940320771584304382 0.44644784826531008770 
0.00000000099999999987 0.00000000099999999987 0.48967131651511780488 0.02314524493894953502 0.48718343654593271319 
0.00000000099999999986 0.00000000099999999986 0.42384327689328998856 0.05820917663077054827 0.51794754447593949198 
0.00000000099999999985 0.00000000099999999985 0.49231822556053778106 0.08880994654945242872 0.41887182589000970800 
0.00000000099999999982 0.00000000099999999982 0.49481200314596779366 0.00000000099999999982 0.50518799385403223567 
0.00000000099999999985 0.00000000099999999985 0.45398992312067937283 0.03830701017292295618 0.50770306470639769980 
0.00000000099999999999 0.01110390732360983131 0.52380240314382608968 0.05713971334839537675 0.40795397518416870453 
0.00000000099999999987 0.00000000099999999987 0.47099091892466082854 0.07273644946537573264 0.45627262960996339825 
0.00000000099999999985 0.00000000099999999985 0.56450576927389872761 0.05670481641418854274 0.37878941231191270989 
0.00000000099999999988 0.00000000099999999988 0.49898642507638085730 0.06341668572887589062 0.43759688719474326701 
0.00000000099999999992 0.00000000099999999992 0.51248875989071429604 0.06914388222907486004 0.41836735588021078946 
0.00000000099999999988 0.00000000099999999988 0.49587452828656064518 0.06778138206206790750 0.43634408765137144837 
0.00000000099999999988 0.00000000099999999988 0.51915890905654993315 0.03931552292798479176 0.44152556601546516513 
0.00000000099999999996 0.04435559811143748726 0.26846174815848422579 0.05009201053490938693 0.63709064219516886585 
0.00000000099999999997 0.02578574773199968431 0.35553444553449048415 0.02174262531114634980 0.59693718042236354471 
0.00000000099999999996 0.01680195620470529075 0.40919956644606730878 0.02842072866063132322 0.54557774768859612635 
0.00000000099999999996 0.03797402609307168331 0.25786857585212474842 0.00000000099999999996 0.70415739605480354157 
0.00000000099999999997 0.01936997799701816250 0.25132528783355806423 0.00000000099999999997 0.72930473216942370840 
0.00000000099999999998 0.04911325675721114892 0.39007971911261529741 0.03632940419139155802 0.52447761893878197537 
0.00000000099999999996 0.04009125961450489550 0.24932257652592573760 0.00000000099999999996 0.71058616185956935407 
0.00000000099999999998 0.01529346653973454387 0.43588066268875264031 0.02140246592095611938 0.52742340385055674901 
0.00000000099999999953 0.99999999600000011313 0.00000000099999999953 0.00000000099999999953 0.00000000099999999953 
0.00000000099999999951 0.99999999600000000211 0.00000000099999999951 0.00000000099999999951 0.00000000099999999951 
0.00000000099999999949 0.99999999600000000211 0.00000000099999999949 0.00000000099999999949 0.00000000099999999949 
0.00000000099999999952 0.99999999600000011313 0.00000000099999999952 0.00000000099999999952 0.00000000099999999952 
0.00000000099999999949 0.99999999600000000211 0.00000000099999999949 0.00000000099999999949 0.00000000099999999949 
0.00000000099999999950 0.99999999600000011313 0.00000000099999999950 0.00000000099999999950 0.00000000099999999950 
0.00000000099999999949 0.99999999600000000211 0.00000000099999999949 0.00000000099999999949 0.00000000099999999949 
0.00000000099999999949 0.99999999600000011313 0.00000000099999999949 0.00000000099999999949 0.00000000099999999949 
0.00000000099999999948 0.99999999600000011313 0.00000000099999999948 0.00000000099999999948 0.00000000099999999948 
0.00000000099999999946 0.99999999600000000211 0.00000000099999999946 0.00000000099999999946 0.00000000099999999946 
0.00000000099999999952 0.99999999600000000211 0.00000000099999999952 0.00000000099999999952 0.00000000099999999952 
0.00000000099999999952 0.99999999600000011313 0.00000000099999999952 0.00000000099999999952 0.00000000099999999952 
0.00000000099999999950 0.99999999600000000211 0.00000000099999999950 0.00000000099999999950 0.00000000099999999950 
0.00000000099999999954 0.99999999600000000211 0.00000000099999999954 0.00000000099999999954 0.00000000099999999954 
0.00000000099999999962 0.99999999600000011313 0.00000000099999999962 0.00000000099999999962 0.00000000099999999962 
0.00000000099999999953 0.99999999600000000211 0.00000000099999999953 0.00000000099999999953 0.00000000099999999953 
0.00000000099999999999 0.03750951392092052167 0.33529049982302139288 0.06466071545167387247 0.56253926980438417882 
0.00000000099999999990 0.00000000099999999990 0.56933310861173880291 0.04249768316677039054 0.38816920622149070352 
0.00000000099999999995 0.00000000099999999995 0.56409955558957736166 0.03895486869398873814 0.39694557371643385268 
0.00000000099999999981 0.00000000099999999981 0.00000000099999999981 0.00000000099999999981 0.99999999600000000211 
0.00000000099999999987 0.00000000099999999987 0.00000000099999999987 0.59860924640080637182 0.40139075059919354649 
0.00000000099999999983 0.00000000099999999983 0.00000000099999999983 0.00000000099999999983 0.99999999599999989108 
0.00000000099999999983 0.00000000099999999983 0.00000000099999999983 0.00000000099999999983 0.99999999599999989108 
0.00000000099999999987 0.00000000099999999987 0.00000000099999999987 0.00000000099999999987 0.99999999599999989108 
0.00000000099999999991 0.00000000099999999991 0.00000000099999999991 0.00000000099999999991 0.99999999600000000211 
0.49766632409599559361 0.50233367290400454674 0.00000000099999999987 0.00000000099999999987 0.00000000099999999987 
0.51111480457677560540 0.48888519242322442393 0.00000000099999999982 0.00000000099999999982 0.00000000099999999982 
0.50773079920158326050 0.49226919779841676883 0.00000000099999999982 0.00000000099999999982 0.00000000099999999982 
0.51225880164383563731 0.48774119535616433652 0.00000000099999999982 0.00000000099999999982 0.00000000099999999982 
0.52472531664799959561 0.47527468035200032270 0.00000000099999999980 0.00000000099999999980 0.00000000099999999980 
0.50846051777255285575 0.49153947922744717358 0.00000000099999999981 0.00000000099999999981 0.00000000099999999981 
0.51046652335765063668 0.48953347364234939265 0.00000000099999999981 0.00000000099999999981 0.00000000099999999981 
0.49653851862180314880 0.50346147837819676951 0.00000000099999999981 0.00000000099999999981 0.00000000099999999981 
0.52126970386095405896 0.47873029313904585935 0.00000000099999999986 0.00000000099999999986 0.00000000099999999986 
0.51134067253172432732 0.48865932446827559099 0.00000000099999999983 0.00000000099999999983 0.00000000099999999983 
0.52184400017365983881 0.47815599682634030154 0.00000000099999999980 0.00000000099999999980 0.00000000099999999980 
0.52391903335839606903 0.47608096364160401581 0.00000000099999999980 0.00000000099999999980 0.00000000099999999980 
0.24503336628502028760 0.00000000099999999985 0.75496663071497982500 0.00000000099999999985 0.00000000099999999985 
0.25871542522786156182 0.00000000099999999984 0.74128457177213835649 0.00000000099999999984 0.00000000099999999984 
0.25032471404394607273 0.00000000099999999988 0.74967528295605401212 0.00000000099999999988 0.00000000099999999988 
0.24942784839641835015 0.00000000099999999982 0.75057214860358167918 0.00000000099999999982 0.00000000099999999982 
0.25545326181790262154 0.00000000099999999984 0.74454673518209735228 0.00000000099999999984 0.00000000099999999984 
0.26411038032995437508 0.00000000099999999983 0.73588961667004559875 0.00000000099999999983 0.00000000099999999983 
0.22854643651679029670 0.00000000099999999996 0.74949100483099617698 0.00604318012583055300 0.01591937752638305711 
0.25453106981563689004 0.00000000099999999985 0.74546892718436308378 0.00000000099999999985 0.00000000099999999985 
0.25837508401731240637 0.00000000099999999983 0.74162491298268751194 0.00000000099999999983 0.00000000099999999983 
0.25336593572377424932 0.00000000099999999984 0.74663406127622578001 0.00000000099999999984 0.00000000099999999984 
0.23707273056377123344 0.00000000099999999983 0.76292726643622887917 0.00000000099999999983 0.00000000099999999983 
0.00000000099999999972 0.00000000099999999972 0.00000000099999999972 0.49361512366004356434 0.50638487333995640949 
0.00000000099999999974 0.00000000099999999974 0.00000000099999999974 0.67521460503157537669 0.32478539196842448611 
0.00000000099999999974 0.00000000099999999974 0.00000000099999999974 0.68947259315517095413 0.31052740384482901970 
0.00000000099999999975 0.00000000099999999975 0.00000000099999999975 0.34305711217893042342 0.65694288482106955041 
0.00000000099999999972 0.00000000099999999972 0.00000000099999999972 0.72703202803783517627 0.27296796896216490858 
0.00000000099999999972 0.00000000099999999972 0.00000000099999999972 0.66971288396210892913 0.33028711303789087816 
0.00000000099999999926 0.00000000099999999926 0.00000000099999999926 0.99999999600000000211 0.00000000099999999926 
0.00000000099999999972 0.00000000099999999972 0.00000000099999999972 0.86796603842365915860 0.13203395857634084298 
0.00000000099999999973 0.00000000099999999973 0.00000000099999999973 0.79828285933629894444 0.20171713766370100163 
0.00000000099999999973 0.00000000099999999973 0.00000000099999999973 0.33411982064601447595 0.66588017635398544236 
0.00000000099999999973 0.00000000099999999973 0.00000000099999999973 0.80929674463796741346 0.19070325236203247710 
0.00000000099999999970 0.00000000099999999970 0.00000000099999999970 0.57081768396362964069 0.42918231303637022211 
0.00000000099999999972 0.00000000099999999972 0.00000000099999999972 0.28423641601474303187 0.71576358098525694196 
0.00000000099999999971 0.00000000099999999971 0.00000000099999999971 0.51973350243118687786 0.48026649456881304046 
0.00000000099999999974 0.00000000099999999974 0.00000000099999999974 0.76733059181195184539 0.23266940518804821170 
0.00000000099999999972 0.00000000099999999972 0.00000000099999999972 0.58882068953084365504 0.41117930746915642981 
0.00000000100000000000 0.04155243902984311760 0.25796371993049965754 0.15822271486760844383 0.54226112517204871910 
0.00000000099999999997 0.06769110725739393986 0.24425022624924447312 0.12148169388479414244 0.56657697160856745899 
0.00000000099999999999 0.03223932320028916748 0.21930673414824194967 0.11524412707071787776 0.63320981458075109582 
0.00000000099999999997 0.03890581023899015306 0.34771896404919927503 0.13336785741623377599 0.48000736729557674787 
0.00000000099999999997 0.02393681836563569393 0.25322576867363710829 0.16830449565605773432 0.55453291630466938766 
0.00000000100000000000 0.04096273630324025194 0.28429453741968996328 0.14995120489406776887 0.52479152038300191929 
0.00000000099999999998 0.03511782173361117226 0.31354147806033549895 0.13926718936068777088 0.51207350984536548211 
0.00041907604612862907 0.06652474433082671001 0.28306290062664957174 0.09456631309335188085 0.55542696590304319049 
0.00000000099999999999 0.05815151322459991695 0.26507114426849082145 0.12333732390490551034 0.55344001760200367546 
0.00106440350335037679 0.03694394803239406389 0.29564382229725583162 0.10845965804078332162 0.55788816812621644381 
0.00000000099999999998 0.03586783542962664745 0.22661757850735725350 0.19367515272550431260 0.54383943233751186330 
0.00000000099999999998 0.02902317950840319072 0.29087372675188477578 0.10799403668611093354 0.57210905605360118376 
0.04381537125125677806 0.44289729583029086024 0.21744988408658141865 0.03268181986858397642 0.26315562896328698050 
0.04373571443466674896 0.44395584023890483083 0.24065301644669653824 0.00815759652375026845 0.26349783235598162046 
0.05191573925007206963 0.40070841782226396255 0.24421889758769038670 0.01280849680251078780 0.29034844853746272220 
0.05138830612096881995 0.43285526796848550202 0.23466226159691999653 0.00115384836475856977 0.27994031594886714664 
0.05563185163947768214 0.42012055531552661147 0.20672350922211338298 0.01909782313018748220 0.29842626069269467814 
0.06738273281167914130 0.40030301744740048875 0.23626242824120252672 0.03771031114577315380 0.25834151035394470330 
0.00000000099999999971 0.00000000099999999971 0.00000000099999999971 0.27009591450814662839 0.72990408249185323442 
0.00000000099999999974 0.00000000099999999974 0.00000000099999999974 0.53734187770838337528 0.46265811929161665406 
0.00000000099999999972 0.00000000099999999972 0.00000000099999999972 0.40906883473720417888 0.59093116226279585046 
0.00000000099999999972 0.00000000099999999972 0.00000000099999999972 0.56939199618474423126 0.43060800081525579808 
0.00000000099999999968 0.00000000099999999968 0.00000000099999999968 0.46159486560047280346 0.53840513139952728139 
0.00000000099999999974 0.00000000099999999974 0.00000000099999999974 0.57770717582648123400 0.42229282117351868431 
0.00000000099999999975 0.00000000099999999975 0.00000000099999999975 0.32621438327734381124 0.67378561372265610707 
0.00000000099999999972 0.00000000099999999972 0.00000000099999999972 0.34657501334672652371 0.65342498365327361665 
0.00000000099999999972 0.00000000099999999972 0.00000000099999999972 0.47248523659443492084 0.52751476040556499747 
0.00000000099999999973 0.00000000099999999973 0.00000000099999999973 0.44519767448036773327 0.55480232251963212953 
0.00000000099999999973 0.00000000099999999973 0.00000000099999999973 0.54972710074063846353 0.45027289625936139927 
0.00000000099999999971 0.00000000099999999971 0.00000000099999999971 0.29005821041511220537 0.70994178658488771294 
0.00000000099999999978 0.00000000099999999978 0.00000000099999999978 0.28587335718061301915 0.71412663981938684366 
0.00000000099999999974 0.00000000099999999974 0.00000000099999999974 0.60318042044627961928 0.39681957655372024352 
0.00000000099999999975 0.00000000099999999975 0.00000000099999999975 0.46144154039326173988 0.53855845660673828945 
0.00000000099999999972 0.00000000099999999972 0.00000000099999999972 0.53430956237184823454 0.46569043462815173928 
0.00000000099999999990 0.00000000099999999990 0.00612514160403552794 0.00000000099999999990 0.99387485539596454043 
0.00000000099999999989 0.00000000099999999989 0.00000000099999999989 0.00000000099999999989 0.99999999600000000211 
0.00000000099999999971 0.00000000099999999971 0.00000000099999999971 0.00000000099999999971 0.99999999599999989108 
0.00000000099999999991 0.00000000099999999991 0.00000000099999999991 0.00000000099999999991 0.99999999599999989108 
0.00000000099999999972 0.00000000099999999972 0.00000000099999999972 0.00000000099999999972 0.99999999600000000211 
0.01273220330266118354 0.00000000099999999998 0.23691478580858843506 0.00986033862539274081 0.74049267126335771572 
0.00000000099999999988 0.00000000099999999988 0.00000000099999999988 0.00000000099999999988 0.99999999600000000211 
0.00000000099999999992 0.00000000099999999992 0.01632528804798659416 0.03099458272059922234 0.95268012723141426434 
0.00000000099999999990 0.00000000099999999990 0.02778685149459944950 0.02125851607043874672 0.95095463043496175626 
0.00000000099999999990 0.00000000099999999990 0.02067963786474688939 0.03988825908354065586 0.93943210105171237601 
0.00000000099999999984 0.00000000099999999984 0.00000000099999999984 0.00735679522661180588 0.99264320177338816187 
0.00000000099999999990 0.00000000099999999990 0.00839353503052657664 0.01531362375286949434 0.97629283921660403589 
0.03739653244137553650 0.00000000099999999998 0.67539865042254343397 0.04385627744004364642 0.24334853869603739751 
0.04004019236993075492 0.00000000099999999998 0.66903469799946357899 0.04327192839341362923 0.24765318023719215534 
0.03236545925599730589 0.00000000099999999998 0.68063036588129033344 0.04272477901346292267 0.24427939484924948710 
0.03403663376693730896 0.00869353682882387582 0.63222175313809236830 0.00000000099999999999 0.32504807526614654112 
0.03803006882335835392 0.00000000099999999998 0.63476363519460099472 0.03144338072194085426 0.29576291426009976293 
0.04368934269679131815 0.00000000099999999999 0.59218375829971281465 0.06556471297276424137 0.29856218503073156390 
0.03442291081696013250 0.01052880937647792531 0.61443437294646918723 0.00000000595295298615 0.34061390090713977719 
0.04837809863533412691 0.00000000099999999999 0.59165993145601247782 0.06251162068161639218 0.29745034822703703137 
0.04274547697518435441 0.00000000099999999999 0.60405506336542635903 0.05812176808767879899 0.29507769057171051585 
0.03881255440571363541 0.01013032985459135817 0.41775200478174523422 0.02617274986680641694 0.50713236109114334660 
0.04161317481193398810 0.00961171057995415835 0.62011520370906314525 0.00000000099999999999 0.32865990989904880770 
0.00000000099999999973 0.00000000099999999973 0.00000000099999999973 0.00000000099999999973 0.99999999599999989108 
0.00000000099999999981 0.00000000099999999981 0.00000000099999999981 0.00000000099999999981 0.99999999600000000211 
0.00000000099999999979 0.00000000099999999979 0.00000000099999999979 0.00000000099999999979 0.99999999600000000211 
0.00000000099999999971 0.00000000099999999971 0.00000000099999999971 0.00000000099999999971 0.99999999600000000211 
0.00000000099999999976 0.00000000099999999976 0.00000000099999999976 0.00000000099999999976 0.99999999599999989108 
0.00000000099999999970 0.00000000099999999970 0.00000000099999999970 0.00000000099999999970 0.99999999600000000211 
0.89167133864865932846 0.07078050695097296008 0.00000000100000000000 0.01708842142071119799 0.02045973197965672910 
0.99999999600000011313 0.00000000099999999936 0.00000000099999999936 0.00000000099999999936 0.00000000099999999936 
0.99999999600000000211 0.00000000099999999941 0.00000000099999999941 0.00000000099999999941 0.00000000099999999941 
0.99999999600000011313 0.00000000099999999938 0.00000000099999999938 0.00000000099999999938 0.00000000099999999938 
0.99999999600000000211 0.00000000099999999969 0.00000000099999999969 0.00000000099999999969 0.00000000099999999969 
0.99999999600000011313 0.00000000099999999938 0.00000000099999999938 0.00000000099999999938 0.00000000099999999938 
0.99999999600000011313 0.00000000099999999938 0.00000000099999999938 0.00000000099999999938 0.00000000099999999938 
0.99999999600000011313 0.00000000099999999937 0.00000000099999999937 0.00000000099999999937 0.00000000099999999937 
0.99999999600000000211 0.00000000099999999943 0.00000000099999999943 0.00000000099999999943 0.00000000099999999943 
0.99999999600000011313 0.00000000099999999940 0.00000000099999999940 0.00000000099999999940 0.00000000099999999940 
0.99999999600000011313 0.00000000099999999941 0.00000000099999999941 0.00000000099999999941 0.00000000099999999941 
0.99999999600000000211 0.00000000099999999941 0.00000000099999999941 0.00000000099999999941 0.00000000099999999941 
0.99999999600000000211 0.00000000099999999935 0.00000000099999999935 0.00000000099999999935 0.00000000099999999935 
0.99999999600000000211 0.00000000099999999936 0.00000000099999999936 0.00000000099999999936 0.00000000099999999936 
0.99999999600000000211 0.00000000099999999936 0.00000000099999999936 0.00000000099999999936 0.00000000099999999936 
0.99999999600000011313 0.00000000099999999932 0.00000000099999999932 0.00000000099999999932 0.00000000099999999932 
0.00000000099999999998 0.09056427467884438365 0.30546542316239888581 0.02097756385004408836 0.58299273730871259414 
0.00277630974573211866 0.11637685032706461541 0.32180062374613338516 0.00000000100000000000 0.55904621518106978328 
0.00000000099999999999 0.11351626660231561861 0.29886804605426497972 0.00858701218709490184 0.57902867415632441883 
0.00000000100000000000 0.17460769475025203490 0.33979733063874245635 0.01669928888038210366 0.46889568473062342990 
0.00363203675744254743 0.06516763906214669000 0.33590518490726195555 0.01950564592761738769 0.57578949334553142236 
0.00000000099999999999 0.11052324348975091362 0.33002063257846298017 0.00440113601221796269 0.55505498691956811630 
0.00000000099999999998 0.11523692895605144870 0.31339632061082378645 0.00000000100071903846 0.57136674843240575772 
0.00000000099999999997 0.11298836380849479333 0.32821938216584128911 0.00000000099999999997 0.55879225202566373820 
0.00000000099999999997 0.11442474265638463704 0.29389779253137893189 0.00000000099999999997 0.59167746281223643212 
0.00000000099999999999 0.08021314016849638573 0.31710801423660073262 0.02351338478359431619 0.57916545981130862497 
0.00439986777615645509 0.14461940145600932217 0.30320649896840784487 0.00745051886634214618 0.54032371293308423255 
0.00000000099999999998 0.10073211107012833287 0.29718171427137968221 0.02286130727121509984 0.57922486638727699315 
0.00000000099999999997 0.01544896462999783768 0.25236466993960593452 0.10633746913743769014 0.62584889529295861799 
0.00000000099999999997 0.00743705156197213470 0.24601230259112522036 0.07849209728567714539 0.66805854756122540206 
0.00000000099999999997 0.00555081836035489513 0.23962937661005384582 0.06165315048112055690 0.69316665354847073477 
0.00000000099999999997 0.00489216589107744401 0.19732653613937570225 0.11853834965168789928 0.67924294731785905821 
0.00000000099999999997 0.00844783608415743820 0.20848091646653532649 0.09519630790161930090 0.68787493854768788637 
0.00000000099999999997 0.00456614700397718794 0.20661503025598837446 0.11930208216296962764 0.66951673957706470119 
0.00000000099999999997 0.00000000099999999997 0.22811194138901194628 0.09138463045359508652 0.68050342615739289887 
0.00000000099999999998 0.00496971143094258449 0.24122670744923502273 0.13488797653199505189 0.61891560358782726770 
0.00000000099999999999 0.02001938504655519438 0.20503116362325085609 0.12710934721590558261 0.64784010311428830153 
0.00000000099999999996 0.00000000099999999996 0.23423024200732717182 0.10777071558524045636 0.65799904040743228961 
0.00000000099999999996 0.00000000099999999996 0.22319964089083982328 0.08905490371904986602 0.68774545339011039502 
0.00000000099999999997 0.02743901484030407054 0.19783843246214138922 0.10533718201852579344 0.66938536967902861896 
0.00000000099999999999 0.00337605750644625648 0.20694944914865498475 0.06468597964620996510 0.72498851269868880287 
0.00000000099999999997 0.02299051148077380785 0.22393888079908108590 0.12500208019938369164 0.62806852652076150534 
0.00000000099999999974 0.00000000099999999974 0.00000000099999999974 0.00000000099999999974 0.99999999600000000211 
0.00000000099999999974 0.00000000099999999974 0.00000000099999999974 0.00000000099999999974 0.99999999599999989108 
0.00000000099999999978 0.00000000099999999978 0.00000000099999999978 0.00000000099999999978 0.99999999599999989108 
0.00000000099999999973 0.00000000099999999973 0.00000000099999999973 0.00000000099999999973 0.99999999600000000211 
0.00000000099999999989 0.00000000099999999989 0.00000000099999999989 0.05027272025132625832 0.94972727674867385428 
0.00000000099999999971 0.00000000099999999971 0.00000000099999999971 0.00000000099999999971 0.99999999599999989108 
0.00000000099999999974 0.00000000099999999974 0.00000000099999999974 0.00000000099999999974 0.99999999599999989108 
0.00000000099999999981 0.00000000099999999981 0.00000000099999999981 0.04177345975958531715 0.95822653724041473300 
0.00000000099999999981 0.00000000099999999981 0.00000000099999999981 0.00516818074726943695 0.99483181625273053861 
0.00000000099999999971 0.00000000099999999971 0.00000000099999999971 0.00000000099999999971 0.99999999599999989108 
0.00000000099999999983 0.00000000099999999983 0.00000000099999999983 0.01584451549205672868 0.98415548150794329718 
0.00000000099999999985 0.00000000099999999985 0.02031388304352618052 0.02276643428369745648 0.95691968067277632937 
0.00000000099999999993 0.98575706629017534333 0.00000000099999999993 0.00000000099999999993 0.01424293070982475887 
0.00000000099999999998 0.97907211670464766584 0.00203141307590817485 0.01466334194145231182 0.00423312727799191740 
0.00000000099999999992 0.99999999600000011313 0.00000000099999999992 0.00000000099999999992 0.00000000099999999992 
0.00000000099999999982 0.99999999600000000211 0.00000000099999999982 0.00000000099999999982 0.00000000099999999982 
0.00000000099999999980 0.99999999600000000211 0.00000000099999999980 0.00000000099999999980 0.00000000099999999980 
0.00000000099999999990 0.98677074438440348647 0.00000000099999999990 0.01322925261559656195 0.00000000099999999990 
0.00000000099999999994 0.93974612412883529178 0.00000000099999999994 0.02127585573795924556 0.03897801813320548453 
0.00000000099999999984 0.99999999600000000211 0.00000000099999999984 0.00000000099999999984 0.00000000099999999984 
0.00000000099999999993 0.97735159214525424431 0.00000000099999999993 0.00000000099999999993 0.02264840485474584053 
0.00000000099999999991 0.98007517164482960137 0.00000000099999999991 0.01040651729486834036 0.00951830906030211830 
0.00000000099999999989 0.99999999600000000211 0.00000000099999999989 0.00000000099999999989 0.00000000099999999989 
0.00000000099999999981 0.99999999600000000211 0.00000000099999999981 0.00000000099999999981 0.00000000099999999981 
0.00000000099999999995 0.96580370271346804856 0.00000000099999999995 0.00812000525775104579 0.02607629002878109059 
0.00000000099999999992 0.99055005788015226820 0.00000000099999999992 0.00000000099999999992 0.00944993911984776981 
0.00000000099999999994 0.92767588567677483624 0.00000000099999999994 0.03754421983030317711 0.03477989249292209872 
0.00000000099999999994 0.97980105848421084058 0.00000000099999999994 0.00183562781200548569 0.01836331170378367392 
0.98832881841666730960 0.01167117858333270239 0.00000000099999999978 0.00000000099999999978 0.00000000099999999978 
0.99999981877770671712 0.00000017822229324583 0.00000000099999999980 0.00000000099999999980 0.00000000099999999980 
0.99000210467661098335 0.00999789232338902691 0.00000000099999999989 0.00000000099999999989 0.00000000099999999989 
0.99272054887332317197 0.00727944812667679925 0.00000000099999999978 0.00000000099999999978 0.00000000099999999978 
0.99999999600000000211 0.00000000099999999979 0.00000000099999999979 0.00000000099999999979 0.00000000099999999979 
0.99999999600000011313 0.00000000099999999975 0.00000000099999999975 0.00000000099999999975 0.00000000099999999975 
0.98154459143100813989 0.01845540556899177495 0.00000000099999999980 0.00000000099999999980 0.00000000099999999980 
0.99999999600000000211 0.00000000099999999976 0.00000000099999999976 0.00000000099999999976 0.00000000099999999976 
0.99999999600000000211 0.00000000099999999978 0.00000000099999999978 0.00000000099999999978 0.00000000099999999978 
0.99023950605512534029 0.00976049094487466476 0.00000000099999999984 0.00000000099999999984 0.00000000099999999984 
0.99999999600000011313 0.00000000099999999980 0.00000000099999999980 0.00000000099999999980 0.00000000099999999980 
0.99999999600000000211 0.00000000099999999973 0.00000000099999999973 0.00000000099999999973 0.00000000099999999973 
0.99999999600000000211 0.00000000099999999984 0.00000000099999999984 0.00000000099999999984 0.00000000099999999984 
0.98109794937245986546 0.01890204762754004592 0.00000000099999999977 0.00000000099999999977 0.00000000099999999977 
0.99997689966011160667 0.00002309733988835399 0.00000000099999999978 0.00000000099999999978 0.00000000099999999978 
0.99999999600000011313 0.00000000099999999974 0.00000000099999999974 0.00000000099999999974 0.00000000099999999974 
0.00000000099999999980 0.00000000099999999980 0.00000000099999999980 0.00000000099999999980 0.99999999599999989108 
0.00000000099999999984 0.00000000099999999984 0.00000000099999999984 0.00634612444131064761 0.99365387255868942162 
0.00000000099999999981 0.00000000099999999981 0.00000000099999999981 0.03003737774316799641 0.96996261925683202598 
0.00000000099999999980 0.00000000099999999980 0.00000000099999999980 0.02693464671521908493 0.97306535028478091665 
0.00000000099999999984 0.00000000099999999984 0.00000000099999999984 0.02224421137232867815 0.97775578562767129220 
0.00000000099999999971 0.00000000099999999971 0.00000000099999999971 0.00000000099999999971 0.99999999600000000211 
0.00000000099999999983 0.00000000099999999983 0.00000000099999999983 0.00000000099999999983 0.99999999600000000211 
0.00000000099999999984 0.00000000099999999984 0.00000000099999999984 0.00000000099999999984 0.99999999600000000211 
0.00000000099999999973 0.00000000099999999973 0.00000000099999999973 0.00000000099999999973 0.99999999599999989108 
0.00000000099999999985 0.00000000099999999985 0.00000000099999999985 0.02092098840866567222 0.97907900859133434324 
0.00000000099999999976 0.00000000099999999976 0.00000000099999999976 0.00000000099999999976 0.99999999599999989108 
0.00000000099999999986 0.00000000099999999986 0.00000497751259370705 0.04708303671691235065 0.95291198377049401991 
0.00000000099999999980 0.00000000099999999980 0.00000000099999999980 0.02425411379802340506 0.97574588320197652713 
0.00000000099999999973 0.00000000099999999973 0.00000000099999999973 0.00000000099999999973 0.99999999599999989108 
0.00000000099999999989 0.00000000099999999989 0.00000000099999999989 0.03513827364791489299 0.96486172335208508777 
0.00000000099999999973 0.00000000099999999973 0.00000000099999999973 0.00000000099999999973 0.99999999600000000211 
0.00000000099999999995 0.00181522988539969867 0.24690134971006028053 0.10435107957245444432 0.64693233983208564553 
0.00000000099999999996 0.00560569502824394533 0.23916862565345364811 0.10231355234848207858 0.65291212596982040051 
0.00000000099999999995 0.00000000099999999995 0.24483089727016388304 0.10923257156029195225 0.64593652916954424903 
0.00000000099999999998 0.01922557713730895651 0.34229167470461041578 0.07959405577360967321 0.55888869138447094809 
0.00000000099999999998 0.01709112204993353673 0.33754823592936972210 0.08177076457708075397 0.56358987644361591141 
0.00000000099999999999 0.01378079832719092748 0.34669995962815997048 0.06045171292185927414 0.57906752812278983189 
0.00000000099999999966 0.00000000099999999966 0.99999999600000000211 0.00000000099999999966 0.00000000099999999966 
0.00000000099999999983 0.00000000099999999983 0.99999999599999989108 0.00000000099999999983 0.00000000099999999983 
0.00000000099999999971 0.00000000099999999971 0.99999999600000000211 0.00000000099999999971 0.00000000099999999971 
0.00000000099999999971 0.00000000099999999971 0.99999999599999989108 0.00000000099999999971 0.00000000099999999971 
0.00000000099999999967 0.00000000099999999967 0.99999999600000000211 0.00000000099999999967 0.00000000099999999967 
0.00000000099999999977 0.00000000099999999977 0.99999999599999989108 0.00000000099999999977 0.00000000099999999977 
0.00000000099999999971 0.00000000099999999971 0.99999999600000000211 0.00000000099999999971 0.00000000099999999971 
0.00000000099999999976 0.00000000099999999976 0.99999999600000000211 0.00000000099999999976 0.00000000099999999976 
0.00000000099999999969 0.00000000099999999969 0.99999999599999989108 0.00000000099999999969 0.00000000099999999969 
0.00000000099999999971 0.00000000099999999971 0.99999999600000000211 0.00000000099999999971 0.00000000099999999971 
0.00000000099999999975 0.00000000099999999975 0.99999999600000000211 0.00000000099999999975 0.00000000099999999975 
0.00000000099999999934 0.00000000099999999934 0.00000000099999999934 0.99999999600000000211 0.00000000099999999934 
0.00000000099999999933 0.00000000099999999933 0.00000000099999999933 0.99999999599999989108 0.00000000099999999933 
0.00000000099999999934 0.00000000099999999934 0.00000000099999999934 0.99999999599999989108 0.00000000099999999934 
0.00000000099999999935 0.00000000099999999935 0.00000000099999999935 0.99999999600000000211 0.00000000099999999935 
0.00000000099999999932 0.00000000099999999932 0.00000000099999999932 0.99999999599999989108 0.00000000099999999932 
0.00000000099999999928 0.00000000099999999928 0.00000000099999999928 0.99999999600000000211 0.00000000099999999928 
