0.00000000099999999978 0.63732054440058361067 0.00000000099999999978 0.00000000099999999978 0.00000000099999999978 0.36267945159941639144 
0.00000000099999999982 0.63140334424699351423 0.00000000099999999982 0.00174915151741224088 0.00000000099999999982 0.36684750123559434209 
0.00000000099999999984 0.63709627313221073308 0.00000000099999999984 0.00000000099999999984 0.00000000099999999984 0.36290372286778938005 
0.00000000099999999984 0.61852857493980095693 0.00000000099999999984 0.00000000099999999984 0.00000000099999999984 0.38147142106019921171 
0.00000000099999999988 0.61432296878700931586 0.00000000099999999988 0.00806494492415452992 0.00000000099999999988 0.37761208328883633101 
0.00000000099999999989 0.57916989495387749542 0.00000000099999999989 0.02319175418994727511 0.00000000099999999989 0.39763834785617530043 
0.00000000099999999987 0.58860565943521159227 0.00000000099999999987 0.00000000099999999987 0.00000000099999999987 0.41139433656478840984 
0.00000000099999999984 0.60912969769399072373 0.00000000099999999984 0.00000000099999999984 0.00000000099999999984 0.39087029830600927838 
0.00000000099999999982 0.62513606274587119049 0.00000000099999999982 0.00000000099999999982 0.00000000099999999982 0.37486393325412886712 
0.00000000099999999985 0.61821629955997692285 0.00000000099999999985 0.00000000099999999985 0.00000000099999999985 0.38178369644002313477 
0.00000000099999999984 0.62595394653715685784 0.00000000099999999984 0.00000000099999999984 0.00000000099999999984 0.37404604946284325528 
0.00000000099999999988 0.63207392691796049355 0.00000000099999999988 0.00000008128879909147 0.00000000099999999988 0.36792598879324051042 
0.00000000099999999979 0.61123895235979597285 0.00000000099999999979 0.00000000099999999979 0.00000000099999999979 0.38876104364020430681 
0.00000000099999999985 0.64479580369273470364 0.00000000099999999985 0.00853052132828613537 0.00000000099999999985 0.34667367197897935860 
0.04999331846175380373 0.00000000099999999987 0.50721767050326771464 0.00000000099999999987 0.44278900803497839300 0.00000000099999999987 
0.04925457086737175527 0.00000000099999999989 0.52704933361553929494 0.00000000099999999989 0.42369609251708895137 0.00000000099999999989 
0.03123712088389545005 0.00000000099999999985 0.56303005182081822255 0.00000000099999999985 0.40573282429528628734 0.00000000099999999985 
0.03881732488110178209 0.00000000099999999986 0.52808344630978798495 0.00000000099999999986 0.43309922580911019985 0.00000000099999999986 
0.03016943601498861538 0.00000000099999999985 0.56025489848363052570 0.00000000099999999985 0.40957566250138083275 0.00000000099999999985 
0.05492785305085250147 0.00000000099999999987 0.51446043402907259967 0.00000000099999999987 0.43061170992007496983 0.00000000099999999987 
0.05973721244522358503 0.00000000099999999983 0.52871459345943316865 0.00000000099999999983 0.41154819109534324095 0.00000000099999999983 
0.03632849972399442712 0.00000000099999999984 0.53715797149910593511 0.00000000099999999984 0.42651352577689954915 0.00000000099999999984 
0.01247629110609043725 0.00000000099999999986 0.58583628642980500878 0.00000000099999999986 0.40168741946410463362 0.00000000099999999986 
0.02294023422779289945 0.00000000099999999985 0.54128536163607421372 0.00000000099999999985 0.43577440113613286066 0.00000000099999999985 
0.00000000099999999964 0.00000000099999999964 0.00000000099999999964 0.00000000099999999964 0.99999999500000003039 0.00000000099999999964 
0.00000000099999999965 0.00000000099999999965 0.00000000099999999965 0.00000000099999999965 0.99999999500000003039 0.00000000099999999965 
0.00000000099999999960 0.00000000099999999960 0.00000000099999999960 0.00000000099999999960 0.99999999500000003039 0.00000000099999999960 
0.00000000099999999965 0.00000000099999999965 0.00000000099999999965 0.00000000099999999965 0.99999999499999991937 0.00000000099999999965 
0.00000000099999999961 0.00000000099999999961 0.00000000099999999961 0.00000000099999999961 0.99999999499999991937 0.00000000099999999961 
0.00000000099999999956 0.00000000099999999956 0.00000000099999999956 0.00000000099999999956 0.99999999499999991937 0.00000000099999999956 
0.00000000099999999959 0.00000000099999999959 0.00000000099999999959 0.00000000099999999959 0.99999999499999991937 0.00000000099999999959 
0.00000000099999999976 0.00000000099999999976 0.00000000099999999976 0.00000000099999999976 0.99999999499999991937 0.00000000099999999976 
0.00000000099999999976 0.00000000099999999976 0.00000000099999999976 0.00000000099999999976 0.99999999500000003039 0.00000000099999999976 
0.00000000099999999976 0.00000000099999999976 0.00151803162225527593 0.00000000099999999976 0.99848196437774461298 0.00000000099999999976 
0.00000000099999999962 0.00000000099999999962 0.00000000099999999962 0.00000000099999999962 0.99999999499999991937 0.00000000099999999962 
0.00000000099999999995 0.07453857894049029098 0.86067012791300556707 0.06479129014650421292 0.00000000099999999995 0.00000000099999999995 
0.00000000099999999995 0.07806300228993136303 0.88233916113206289911 0.03959783357800587822 0.00000000099999999995 0.00000000099999999995 
0.00272665701133561686 0.09634418170132895420 0.85214387518621903528 0.04878528410111638430 0.00000000099999999996 0.00000000099999999996 
0.00000000099999999995 0.08534658036780318202 0.87490429218913379206 0.03974912444306293730 0.00000000099999999995 0.00000000099999999995 
0.00000000099999999993 0.08621862726622217532 0.86818743782752882954 0.04559393190624910080 0.00000000099999999993 0.00000000099999999993 
0.00000000099999999993 0.08413006465438621628 0.88745172547256390150 0.02841820687304993584 0.00000000099999999993 0.00000000099999999993 
0.00000000099999999994 0.10637730940253911638 0.84768203476923220663 0.04594065282822865776 0.00000000099999999994 0.00000000099999999994 
0.00000000099999999993 0.08579400630512719339 0.88089236084313105035 0.03331362985174167457 0.00000000099999999993 0.00000000099999999993 
0.00000000099999999995 0.09247255017074254568 0.87002624023859365110 0.03750120659066391582 0.00000000099999999995 0.00000000099999999995 
0.00000000099999999994 0.07739250949755178965 0.87355096116089148151 0.04905652634155672348 0.00000000099999999994 0.00000000099999999994 
0.00000000099999999995 0.08096657077994057206 0.87920192508084649141 0.03983150113921291036 0.00000000099999999995 0.00000000099999999995 
0.00000000099999999958 0.00000000099999999958 0.99999999500000003039 0.00000000099999999958 0.00000000099999999958 0.00000000099999999958 
0.00000000099999999962 0.00000000099999999962 0.99999999500000003039 0.00000000099999999962 0.00000000099999999962 0.00000000099999999962 
0.00000000099999999961 0.00000000099999999961 0.99999999500000003039 0.00000000099999999961 0.00000000099999999961 0.00000000099999999961 
0.00000000099999999969 0.00000000099999999969 0.99999999500000003039 0.00000000099999999969 0.00000000099999999969 0.00000000099999999969 
0.00000000099999999960 0.00000000099999999960 0.99999999499999991937 0.00000000099999999960 0.00000000099999999960 0.00000000099999999960 
0.00000000099999999963 0.00000000099999999963 0.99999999500000003039 0.00000000099999999963 0.00000000099999999963 0.00000000099999999963 
0.00000000099999999965 0.00000000099999999965 0.99999999500000003039 0.00000000099999999965 0.00000000099999999965 0.00000000099999999965 
0.00000000099999999967 0.00000000099999999967 0.99999999499999991937 0.00000000099999999967 0.00000000099999999967 0.00000000099999999967 
0.00000000099999999962 0.00000000099999999962 0.99999999500000003039 0.00000000099999999962 0.00000000099999999962 0.00000000099999999962 
0.00000000099999999964 0.00000000099999999964 0.99999999500000003039 0.00000000099999999964 0.00000000099999999964 0.00000000099999999964 
0.00000000099999999962 0.00000000099999999962 0.99999999500000003039 0.00000000099999999962 0.00000000099999999962 0.00000000099999999962 
0.00000000099999999963 0.00000000099999999963 0.99999999499999991937 0.00000000099999999963 0.00000000099999999963 0.00000000099999999963 
0.00000000099999999968 0.00000000099999999968 0.99999999499999991937 0.00000000099999999968 0.00000000099999999968 0.00000000099999999968 
0.00000000099999999963 0.00000000099999999963 0.99999999500000003039 0.00000000099999999963 0.00000000099999999963 0.00000000099999999963 
0.00000000099999999961 0.00000000099999999961 0.99999999499999991937 0.00000000099999999961 0.00000000099999999961 0.00000000099999999961 
0.00000000099999999970 0.00000000099999999970 0.99999999499999991937 0.00000000099999999970 0.00000000099999999970 0.00000000099999999970 
0.00000000099999999964 0.00000000099999999964 0.99999999500000003039 0.00000000099999999964 0.00000000099999999964 0.00000000099999999964 
0.00000000099999999960 0.00000000099999999960 0.99999999500000003039 0.00000000099999999960 0.00000000099999999960 0.00000000099999999960 
0.00000000099999999965 0.00000000099999999965 0.00000000099999999965 0.00000000099999999965 0.99999999500000003039 0.00000000099999999965 
0.00000000099999999953 0.00000000099999999953 0.00000000099999999953 0.00000000099999999953 0.99999999499999991937 0.00000000099999999953 
0.04777411277774250287 0.00000000099999999997 0.58895025360930786107 0.04085024709474339294 0.32242538451820612622 0.00000000099999999997 
0.04617369582819096790 0.00000000099999999997 0.58270773484585258739 0.03459290082469546751 0.33652566650126108927 0.00000000099999999997 
0.05076538562641846886 0.00000000099999999997 0.57679064357722509282 0.04177888439576245977 0.33066508440059405594 0.00000000099999999997 
0.11308280942486953480 0.00000000099999999996 0.35056507502574163482 0.00000000099999999996 0.52051572483385366574 0.01583638871553511018 
0.11899802048424523715 0.00000000099999999992 0.47763755034437899161 0.00000000099999999992 0.40336442617137574507 0.00000000099999999992 
0.12987417128735551097 0.00000000099999999987 0.42389976131854173458 0.00000000099999999987 0.44622606439410272827 0.00000000099999999987 
0.02440127202933491807 0.00000000099999999983 0.49056449672572816079 0.00000000099999999983 0.48503422824493691579 0.00000000099999999983 
0.05910838970087081007 0.00000000099999999980 0.42555753515128835751 0.00000000099999999980 0.51533407214784077155 0.00000000099999999980 
0.08986397905895140981 0.00000000099999999980 0.49334690896362909385 0.00000000099999999980 0.41678910897741938690 0.00000000099999999980 
0.00000000099999999974 0.00000000099999999974 0.49654786822167662486 0.00000000099999999974 0.50345212777832337725 0.00000000099999999974 
0.03909850503748987793 0.00000000099999999979 0.45595490106387409623 0.00000000099999999979 0.50494659089863602741 0.00000000099999999979 
0.05786439443121293991 0.00000000099999999995 0.52069056852255479750 0.00000000099999999995 0.40261777302466855710 0.01882726202156367531 
0.07352293720052320569 0.00000000099999999983 0.47128187913236763151 0.00000000099999999983 0.45519518066710923376 0.00000000099999999983 
0.05765583317018944942 0.00000000099999999979 0.56477321238958144711 0.00000000099999999979 0.37757095144022900790 0.00000000099999999979 
0.06435818631549371227 0.00000000099999999984 0.49943867621228477116 0.00000000099999999984 0.43620313447222147651 0.00000000099999999984 
0.07012662087809469480 0.00000000099999999990 0.51254441647972492913 0.00000000099999999990 0.41732895964218041929 0.00000000099999999990 
0.06937380979331712882 0.00000000099999999985 0.49613487355008556445 0.00000000099999999985 0.43449131365659726667 0.00000000099999999985 
0.04042021670852607995 0.00000000099999999983 0.51916281121601837167 0.00000000099999999983 0.44041696907545557771 0.00000000099999999983 
0.05045783387775828327 0.00000000099999999995 0.26452295070231279794 0.00000000099999999995 0.63209707583324670210 0.05292213758668221080 
0.02201387902560500084 0.00393801956268289167 0.35239474965636274906 0.00000000099999999997 0.59598697404899680929 0.02566637670635255400 
0.02818736398333585025 0.00000000099999999996 0.40547148855441489390 0.00000000099999999996 0.54576714274052307019 0.02057400272172621447 
0.00000000099999999994 0.00000000099999999994 0.25223628375984585848 0.00000000099999999994 0.69681890235164167802 0.05094481088851256917 
0.00000000099999999995 0.00000000099999999995 0.24658411547043260215 0.00000000099999999995 0.72480594162363376487 0.02860993990593363456 
0.03623294958895826451 0.00797430905675439346 0.38595562255557669396 0.00000000099999999997 0.51956370516626093625 0.05027341263244985980 
0.00000000099999999994 0.00000000099999999994 0.24419071338941225613 0.00000000099999999994 0.70368782304783794590 0.05212146056274969547 
0.02134958845371492595 0.00000000099999999997 0.42979995888155070327 0.00000000099999999997 0.52578087706003084900 0.02306957360470343610 
0.00000000099999999936 0.99999999500000003039 0.00000000099999999936 0.00000000099999999936 0.00000000099999999936 0.00000000099999999936 
0.00000000099999999933 0.99999999500000003039 0.00000000099999999933 0.00000000099999999933 0.00000000099999999933 0.00000000099999999933 
0.00000000099999999931 0.99999999500000003039 0.00000000099999999931 0.00000000099999999931 0.00000000099999999931 0.00000000099999999931 
0.00000000099999999934 0.99999999500000003039 0.00000000099999999934 0.00000000099999999934 0.00000000099999999934 0.00000000099999999934 
0.00000000099999999933 0.99999999500000003039 0.00000000099999999933 0.00000000099999999933 0.00000000099999999933 0.00000000099999999933 
0.00000000099999999933 0.99999999500000014141 0.00000000099999999933 0.00000000099999999933 0.00000000099999999933 0.00000000099999999933 
0.00000000099999999931 0.99999999500000003039 0.00000000099999999931 0.00000000099999999931 0.00000000099999999931 0.00000000099999999931 
0.00000000099999999930 0.99999999500000003039 0.00000000099999999930 0.00000000099999999930 0.00000000099999999930 0.00000000099999999930 
0.00000000099999999928 0.99999999500000003039 0.00000000099999999928 0.00000000099999999928 0.00000000099999999928 0.00000000099999999928 
0.00000000099999999929 0.99999999500000014141 0.00000000099999999929 0.00000000099999999929 0.00000000099999999929 0.00000000099999999929 
0.00000000099999999936 0.99999999500000003039 0.00000000099999999936 0.00000000099999999936 0.00000000099999999936 0.00000000099999999936 
0.00000000099999999934 0.99999999500000014141 0.00000000099999999934 0.00000000099999999934 0.00000000099999999934 0.00000000099999999934 
0.00000000099999999932 0.99999999500000014141 0.00000000099999999932 0.00000000099999999932 0.00000000099999999932 0.00000000099999999932 
0.00000000099999999936 0.99999999500000014141 0.00000000099999999936 0.00000000099999999936 0.00000000099999999936 0.00000000099999999936 
0.00000000099999999943 0.99999999500000003039 0.00000000099999999943 0.00000000099999999943 0.00000000099999999943 0.00000000099999999943 
0.00000000099999999935 0.99999999500000003039 0.00000000099999999935 0.00000000099999999935 0.00000000099999999935 0.00000000099999999935 
0.06494362550429824688 0.00000000099999999997 0.33176321352612953008 0.00000000099999999997 0.55646885378416999224 0.04682430518540218328 
0.04379525341162459479 0.00000000099999999987 0.56864902705776565472 0.00000000099999999987 0.38755571653060966186 0.00000000099999999987 
0.04027796693043909221 0.00000000099999999993 0.56313509462124955451 0.00000000099999999993 0.39658693544831136180 0.00000000099999999993 
0.00000000099999999976 0.00000000099999999976 0.00000000099999999976 0.00000000099999999976 0.99999999500000003039 0.00000000099999999976 
0.59887169662281247717 0.00000000099999999982 0.00000000099999999982 0.00000000099999999982 0.40112829937718746942 0.00000000099999999982 
0.00000000099999999978 0.00000000099999999978 0.00000000099999999978 0.00000000099999999978 0.99999999500000003039 0.00000000099999999978 
0.00000000099999999979 0.00000000099999999979 0.00000000099999999979 0.00000000099999999979 0.99999999500000003039 0.00000000099999999979 
0.00000000099999999983 0.00000000099999999983 0.00000000099999999983 0.00000000099999999983 0.99999999499999991937 0.00000000099999999983 
0.00000000099999999989 0.00000000099999999989 0.00000000099999999989 0.00000000099999999989 0.99999999500000003039 0.00000000099999999989 
0.00000000099999999975 0.00000000099999999975 0.00000000099999999975 0.28130947889678575846 0.00000000099999999975 0.71869051710321429915 
0.00000000099999999972 0.00000000099999999972 0.00000000099999999972 0.29053972582515369405 0.00000000099999999972 0.70946027017484614152 
0.00000000099999999970 0.00000000099999999970 0.00000000099999999970 0.28124649338979634816 0.00000000099999999970 0.71875350261020354292 
0.00000000099999999971 0.00000000099999999971 0.00000000099999999971 0.29941626603550836050 0.00000000099999999971 0.70058372996449147507 
0.00000000099999999968 0.00000000099999999968 0.00000000099999999968 0.30171719946824782088 0.00000000099999999968 0.69828279653175218122 
0.00000000099999999971 0.00000000099999999971 0.00000000099999999971 0.29017224727373186477 0.00000000099999999971 0.70982774872626819285 
0.00000000099999999970 0.00000000099999999970 0.00000000099999999970 0.29260104846296192127 0.00000000099999999970 0.70739894753703802532 
0.00000000099999999970 0.00000000099999999970 0.00000000099999999970 0.28054035789371495335 0.00000000099999999970 0.71945963810628510426 
0.00000000099999999977 0.00000000099999999977 0.00000000099999999977 0.31335884605727820640 0.00000000099999999977 0.68664114994272174020 
0.00000000099999999972 0.00000000099999999972 0.00000000099999999972 0.29587932484159951141 0.00000000099999999972 0.70412067115840037967 
0.00000000099999999967 0.00000000099999999967 0.00000000099999999967 0.29319105615947127497 0.00000000099999999967 0.70680893984052872714 
0.00000000099999999970 0.00000000099999999970 0.00000000099999999970 0.30487507782142109214 0.00000000099999999970 0.69512491817857890997 
0.00000000099999999980 0.00000000099999999980 0.75250355687169434571 0.24749643912830554537 0.00000000099999999980 0.00000000099999999980 
0.00000000099999999979 0.00000000099999999979 0.73739320110379746875 0.26260679489620242233 0.00000000099999999979 0.00000000099999999979 
0.00000000099999999984 0.00000000099999999984 0.74723771785777970411 0.25276227814222035351 0.00000000099999999984 0.00000000099999999984 
0.00000000099999999976 0.00000000099999999976 0.74658336386358992165 0.25341663213641013597 0.00000000099999999976 0.00000000099999999976 
0.00000000099999999980 0.00000000099999999980 0.74185188603635932036 0.25814810996364057072 0.00000000099999999980 0.00000000099999999980 
0.00000000099999999979 0.00000000099999999979 0.73293522875086036805 0.26706476724913957854 0.00000000099999999979 0.00000000099999999979 
0.00545809360106393974 0.00000000099999999991 0.74629107047683662657 0.23243153450843132002 0.01581929941366826825 0.00000000099999999991 
0.00000000099999999981 0.00000000099999999981 0.74144957424794477596 0.25855042175205517063 0.00000000099999999981 0.00000000099999999981 
0.00000000099999999978 0.00000000099999999978 0.73896324802092450135 0.26103674797907538974 0.00000000099999999978 0.00000000099999999978 
0.00000000099999999979 0.00000000099999999979 0.74417110951765530480 0.25582888648234464180 0.00000000099999999979 0.00000000099999999979 
0.00000000099999999978 0.00000000099999999978 0.75991695702418293745 0.24008303897581709241 0.00000000099999999978 0.00000000099999999978 
0.49212988170816707179 0.00000000099999999963 0.00000000099999999963 0.00000000099999999963 0.50787011429183270828 0.00000000099999999963 
0.67383997188427946501 0.00000000099999999966 0.00000000099999999966 0.00000000099999999966 0.32616002411572059261 0.00000000099999999966 
0.68752907875471080956 0.00000000099999999965 0.00000000099999999965 0.00000000099999999965 0.31247091724528908152 0.00000000099999999965 
0.34121881836707423918 0.00000000099999999966 0.00000000099999999966 0.00000000099999999966 0.65878117763292554088 0.00000000099999999966 
0.72598034604598404851 0.00000000099999999963 0.00000000099999999963 0.00000000099999999963 0.27401964995401606462 0.00000000099999999963 
0.66787735979401285924 0.00000000099999999963 0.00000000099999999963 0.00000000099999999963 0.33212263620598703184 0.00000000099999999963 
0.99999999500000003039 0.00000000099999999906 0.00000000099999999906 0.00000000099999999906 0.00000000099999999906 0.00000000099999999906 
0.86708791934006379520 0.00000000099999999964 0.00000000099999999964 0.00000000099999999964 0.13291207665993617915 0.00000000099999999964 
0.79714645342769607783 0.00000000099999999964 0.00000000099999999964 0.00000000099999999964 0.20285354257230397979 0.00000000099999999964 
0.33277106743649070841 0.00000000099999999965 0.00000000099999999965 0.00000000099999999965 0.66722892856350912716 0.00000000099999999965 
0.80846725393816309957 0.00000000099999999963 0.00000000099999999963 0.00000000099999999963 0.19153274206183701356 0.00000000099999999963 
0.56927295277231226844 0.00000000099999999959 0.00000000099999999959 0.00000000099999999959 0.43072704322768790020 0.00000000099999999959 
0.28290987632102854166 0.00000000099999999964 0.00000000099999999964 0.00000000099999999964 0.71709011967897140494 0.00000000099999999964 
0.51840713420561279623 0.00000000099999999962 0.00000000099999999962 0.00000000099999999962 0.48159286179438720588 0.00000000099999999962 
0.76644336761736309160 0.00000000099999999966 0.00000000099999999966 0.00000000099999999966 0.23355662838263682723 0.00000000099999999966 
0.58722937457666091188 0.00000000099999999962 0.00000000099999999962 0.00000000099999999962 0.41277062142333909023 0.00000000099999999962 
0.15828060410361474708 0.00000000099999999998 0.25357966022676053930 0.00000000099999999998 0.53618965209222702040 0.05195008157739767346 
0.12285734146048059301 0.01701388683169088867 0.24073246704231171522 0.00000000099999999997 0.56417233750692996619 0.05522396615858684438 
0.11518595247525968694 0.00380437805340300226 0.21567727419488816332 0.00000000099999999999 0.63137378398778842836 0.03395861028866067888 
0.13342091311522738528 0.00000000099999999995 0.33893396531466302157 0.00000000099999999995 0.47408306006446088166 0.05356205950564876112 
0.16763784866541650564 0.00000000099999999995 0.24972211453214607224 0.00000000099999999995 0.54966060475709088706 0.03297943004534668182 
0.14907957926088782896 0.00656736028164588755 0.27818975724322492216 0.00000000099999999999 0.52045168720170198462 0.04571161501253921677 
0.13942139425710722844 0.00000000099999999996 0.30664939731526147382 0.00000000099999999996 0.50559804519164952552 0.04833116123598175939 
0.09328859238747017057 0.00090048141473857493 0.27884280738408812050 0.00000000100000000000 0.54988827981232479836 0.07707983800137835351 
0.12268431421662576164 0.00000000099999999997 0.25868502618980754315 0.00000000099999999997 0.54828428802725348579 0.07034636956631312721 
0.10951185066439647620 0.00000000099999999999 0.29044071140659705188 0.00000000099999999999 0.55163734887448667710 0.04841008705451978894 
0.19339624885498682416 0.00000000099999999996 0.22026419153293236297 0.00000000099999999996 0.53881062241227040133 0.04752893519981043341 
0.10844118744265608678 0.01388292146013782834 0.28808493768073928365 0.00000000099999999997 0.57096785834698737805 0.01862309406947941157 
0.02673718093456277367 0.07797301911701737254 0.20416375467468406146 0.00031865204847819612 0.24729720972551816338 0.44351018349973941879 
0.00093486152763937690 0.06727835112711205712 0.22395709977645675282 0.01238155026038780318 0.25101272610449970601 0.44443541120390422927 
0.00536107545942758786 0.06128784366210956319 0.23055482256699169619 0.01598653257727130836 0.27666116318840533461 0.41014856254579445949 
0.00000000100000000000 0.06997260291488936745 0.21898309973466509315 0.02500090392785585605 0.26206913258749992002 0.42397425983508985059 
0.01516499564230442548 0.06256820768356360918 0.19192623211421469542 0.02488935189506375281 0.28099536707810296443 0.42445584558675053533 
0.03273644872592664651 0.07198393517201774616 0.22393281795364891607 0.03739397518392377495 0.24393514223055101642 0.39001768073393189296 
0.26811916436704519295 0.00000000099999999962 0.00000000099999999962 0.00000000099999999962 0.73188083163295469813 0.00000000099999999962 
0.53631461381431599911 0.00000000099999999965 0.00000000099999999965 0.00000000099999999965 0.46368538218568405851 0.00000000099999999965 
0.40753648020651744854 0.00000000099999999963 0.00000000099999999963 0.00000000099999999963 0.59246351579348244254 0.00000000099999999963 
0.56750781596224442183 0.00000000099999999963 0.00000000099999999963 0.00000000099999999963 0.43249218003775569130 0.00000000099999999963 
0.45889082721447815860 0.00000000099999999958 0.00000000099999999958 0.00000000099999999958 0.54110916878552162146 0.00000000099999999958 
0.57589418979993090009 0.00000000099999999965 0.00000000099999999965 0.00000000099999999965 0.42410580620006915753 0.00000000099999999965 
0.32378887845238352172 0.00000000099999999967 0.00000000099999999967 0.00000000099999999967 0.67621111754761642487 0.00000000099999999967 
0.34464486665910493146 0.00000000099999999963 0.00000000099999999963 0.00000000099999999963 0.65535512934089501513 0.00000000099999999963 
0.46982618709301354754 0.00000000099999999963 0.00000000099999999963 0.00000000099999999963 0.53017380890698639906 0.00000000099999999963 
0.44360483226111324662 0.00000000099999999965 0.00000000099999999965 0.00000000099999999965 0.55639516373888664447 0.00000000099999999965 
0.54771088850153837324 0.00000000099999999964 0.00000000099999999964 0.00000000099999999964 0.45228910749846157335 0.00000000099999999964 
0.28807700124645818640 0.00000000099999999962 0.00000000099999999962 0.00000000099999999962 0.71192299475354159366 0.00000000099999999962 
0.28410701855171660579 0.00000000099999999971 0.00000000099999999971 0.00000000099999999971 0.71589297744828317427 0.00000000099999999971 
0.60152069905329330624 0.00000000099999999965 0.00000000099999999965 0.00000000099999999965 0.39847929694670675138 0.00000000099999999965 
0.45988498081185369415 0.00000000099999999967 0.00000000099999999967 0.00000000099999999967 0.54011501518814608591 0.00000000099999999967 
0.53306837363265224816 0.00000000099999999963 0.00000000099999999963 0.00000000099999999963 0.46693162236734780945 0.00000000099999999963 
0.00000000099999999988 0.00000000099999999988 0.00635003698130726449 0.00000000099999999988 0.99364995901869279660 0.00000000099999999988 
0.00000000099999999987 0.00000000099999999987 0.00000000099999999987 0.00000000099999999987 0.99999999499999991937 0.00000000099999999987 
0.00000000099999999962 0.00000000099999999962 0.00000000099999999962 0.00000000099999999962 0.99999999499999991937 0.00000000099999999962 
0.00000000099999999989 0.00000000099999999989 0.00000000099999999989 0.00000000099999999989 0.99999999500000003039 0.00000000099999999989 
0.00000000099999999966 0.00000000099999999966 0.00000000099999999966 0.00000000099999999966 0.99999999500000003039 0.00000000099999999966 
0.00975600913715887925 0.00000000099999999998 0.23690997598099955423 0.01102783233483932770 0.74124705650076272434 0.00105912504623940419 
0.00000000099999999985 0.00000000099999999985 0.00000000099999999985 0.00000000099999999985 0.99999999499999991937 0.00000000099999999985 
0.03082882063670796743 0.00000000099999999988 0.01719150349061884797 0.00000000099999999988 0.95197967287267315495 0.00000000099999999988 
0.02161204299328397388 0.00000000099999999986 0.02791111739952232065 0.00000000099999999986 0.95047683660719373133 0.00000000099999999986 
0.03999142147982414491 0.00000000099999999986 0.02115200113606726176 0.00000000099999999986 0.93885657438410841102 0.00000000099999999986 
0.00644271484640445650 0.00000000099999999979 0.00000000099999999979 0.00000000099999999979 0.99355728115359542851 0.00000000099999999979 
0.01494914405366154150 0.00000000099999999986 0.00848065682193075571 0.00000000099999999986 0.97657019612440765233 0.00000000099999999986 
0.04395883117361911591 0.00000000099999999998 0.67318879200658521267 0.03771859693330028435 0.24513377788649542977 0.00000000099999999998 
0.04342023176349797675 0.00000000099999999998 0.66666009281946447818 0.04100238352818977305 0.24891728988884781471 0.00000000099999999998 
0.04289528429343545529 0.00000000099999999998 0.67866486598539155217 0.03284440664758180028 0.24559544107359118637 0.00000000099999999998 
0.00000000099999999999 0.01261317136755414799 0.62784547417599656516 0.02450859228344420132 0.32346317335623553380 0.01156958781676950196 
0.03160619946492455867 0.00000000099999999998 0.63436546027508167178 0.03728228502499941754 0.29674605323499425591 0.00000000099999999998 
0.06540402919447570185 0.00000000099999999999 0.59049357437044225350 0.04407359544068654295 0.30002879899439532929 0.00000000099999999999 
0.00000000100000000000 0.00816793236581549523 0.60939767141721512544 0.02583233207589628877 0.33923595836268993775 0.01736610477838324007 
0.06224556067956203698 0.00000000099999999999 0.58955428651071417612 0.04893756387678962344 0.29926258693293406044 0.00000000099999999999 
0.05816208211620370327 0.00000000099999999998 0.60264001300301950348 0.04245233520345439993 0.29674556767732229723 0.00000000099999999998 
0.02591803669921721037 0.01906277793445285487 0.41609114479519904162 0.03127016413165275427 0.50765787543947815674 0.00000000100000000000 
0.00000000099999999999 0.01171024208873115355 0.61498199211369841688 0.03146987859728195974 0.32688476244293890316 0.01495312375734941454 
0.00000000099999999966 0.00000000099999999966 0.00000000099999999966 0.00000000099999999966 0.99999999499999991937 0.00000000099999999966 
0.00000000099999999977 0.00000000099999999977 0.00000000099999999977 0.00000000099999999977 0.99999999500000003039 0.00000000099999999977 
0.00000000099999999973 0.00000000099999999973 0.00000000099999999973 0.00000000099999999973 0.99999999499999991937 0.00000000099999999973 
0.00000000099999999963 0.00000000099999999963 0.00000000099999999963 0.00000000099999999963 0.99999999499999991937 0.00000000099999999963 
0.00000000099999999970 0.00000000099999999970 0.00000000099999999970 0.00000000099999999970 0.99999999499999991937 0.00000000099999999970 
0.00000000099999999962 0.00000000099999999962 0.00000000099999999962 0.00000000099999999962 0.99999999499999991937 0.00000000099999999962 
0.01795297885504232652 0.00000987299349319109 0.00000000100000000000 0.88773142648972669377 0.01697665891778740721 0.07732906174395047516 
0.00000000099999999924 0.00000000099999999924 0.00000000099999999924 0.99999999500000003039 0.00000000099999999924 0.00000000099999999924 
0.00000000099999999929 0.00000000099999999929 0.00000000099999999929 0.99999999500000003039 0.00000000099999999929 0.00000000099999999929 
0.00000000099999999926 0.00000000099999999926 0.00000000099999999926 0.99999999500000003039 0.00000000099999999926 0.00000000099999999926 
0.00000000099999999961 0.00000000099999999961 0.00000000099999999961 0.99999999500000003039 0.00000000099999999961 0.00000000099999999961 
0.00000000099999999926 0.00000000099999999926 0.00000000099999999926 0.99999999500000003039 0.00000000099999999926 0.00000000099999999926 
0.00000000099999999925 0.00000000099999999925 0.00000000099999999925 0.99999999500000003039 0.00000000099999999925 0.00000000099999999925 
0.00000000099999999925 0.00000000099999999925 0.00000000099999999925 0.99999999500000003039 0.00000000099999999925 0.00000000099999999925 
0.00000000099999999933 0.00000000099999999933 0.00000000099999999933 0.99999999500000003039 0.00000000099999999933 0.00000000099999999933 
0.00000000099999999927 0.00000000099999999927 0.00000000099999999927 0.99999999500000003039 0.00000000099999999927 0.00000000099999999927 
0.00000000099999999929 0.00000000099999999929 0.00000000099999999929 0.99999999500000003039 0.00000000099999999929 0.00000000099999999929 
0.00000000099999999929 0.00000000099999999929 0.00000000099999999929 0.99999999499999991937 0.00000000099999999929 0.00000000099999999929 
0.00000000099999999923 0.00000000099999999923 0.00000000099999999923 0.99999999499999991937 0.00000000099999999923 0.00000000099999999923 
0.00000000099999999922 0.00000000099999999922 0.00000000099999999922 0.99999999500000003039 0.00000000099999999922 0.00000000099999999922 
0.00000000099999999923 0.00000000099999999923 0.00000000099999999923 0.99999999499999991937 0.00000000099999999923 0.00000000099999999923 
0.00000000099999999918 0.00000000099999999918 0.00000000099999999918 0.99999999499999991937 0.00000000099999999918 0.00000000099999999918 
0.01988496856758327491 0.00000000099999999997 0.29346941199535775402 0.00000000099999999997 0.57464926648329794912 0.11199635095376106464 
0.00000000100000000000 0.03261406667233025802 0.31080880151199213879 0.00000059493186660255 0.55589083673355221826 0.10068569915025879502 
0.00836480628650481534 0.02583153918711405053 0.28970309223162943324 0.00000000099999999999 0.57400640905811806114 0.10209415223663374783 
0.01537693483920878068 0.07682243887165168816 0.32881657208892661748 0.00000000099999999998 0.46595797575371789012 0.11302607744649502408 
0.01935499077216690927 0.00078007648507667109 0.32571295730775656763 0.00000000099999999999 0.56888865444912373182 0.08526331998587600991 
0.00378939752750008562 0.03795826065266838523 0.31996959114400874702 0.00000000099999999998 0.55264740275896528932 0.08563534691685745215 
0.00000000099999999996 0.00913465160698949744 0.30046834252551934963 0.00000000099999999996 0.55969812976361998924 0.13069887410387120985 
0.00000000099999999997 0.01853283307130306964 0.31826102365517416892 0.00000000099999999997 0.55270893597530257324 0.11049720529822025517 
0.00000000099999999996 0.01906728103642443134 0.28376797490235466936 0.00000000099999999996 0.58713383299006582927 0.11003090907115489760 
0.02337318412544919441 0.00680448394623644950 0.30614349628274450943 0.00000000099999999999 0.57277389336328254910 0.09090494128228747417 
0.00763487640253176971 0.02480945562164452167 0.29529210341893197267 0.00000000100000000000 0.53449216762537599124 0.13777139593151579988 
0.02219893079901837443 0.01020088553343243692 0.28799732172707642741 0.00000000099999999997 0.57520149114093210851 0.10440136979954063590 
0.10608807660311125876 0.00309417247493157938 0.24965768642952232415 0.00000000099999999997 0.62406361803500542962 0.01709644545742947108 
0.07886964211161781590 0.00000000099999999995 0.24121473814616350984 0.00000000099999999995 0.66154264433582510296 0.01837297340639356541 
0.06144251654166082294 0.00000000099999999995 0.23575183875633690112 0.00000000099999999995 0.68772436651927559836 0.01508127618272664741 
0.11862965014282493559 0.00000000099999999996 0.19474442121676752149 0.00000000099999999996 0.67512659416419151803 0.01149933247621611615 
0.09547492163409809773 0.00000000099999999995 0.20458302813971399048 0.00000000099999999995 0.68440506904340314698 0.01553697918278466004 
0.11992098248895148582 0.00330252122795991971 0.20690504608807513964 0.00000000099999999997 0.66938544662798360463 0.00048600256702977895 
0.09173605014340492636 0.00000000099999999995 0.22413568134212485949 0.00000000099999999995 0.67242601372923960223 0.01170225278523074133 
0.13591689437870796420 0.00000000099999999996 0.23805943223613076909 0.00000000099999999996 0.61469331800131921106 0.01133035338384196650 
0.12708761886259362095 0.00000000099999999996 0.19937004306801076048 0.00000000099999999996 0.63870795659792733989 0.03483437947146816177 
0.10777151208812055239 0.00000000099999999995 0.23071771299234666852 0.00000000099999999995 0.65357532592994616039 0.00793544698958660935 
0.08852363304093342766 0.00000000099999999995 0.21885888436199549267 0.00000000099999999995 0.68216660038647392028 0.01045088021059720901 
0.10639914421101351327 0.00215249237847374084 0.19450233030710439852 0.00000000099999999997 0.66446355812099899829 0.03248247398240938083 
0.06528546374715125944 0.00000000099999999998 0.20144282283429412739 0.00000000099999999998 0.71824429878423423634 0.01502741263432017839 
0.12511224633062240086 0.00000000099999999996 0.21677114003767750106 0.00000000099999999996 0.62581671595841292799 0.03229989567328710176 
0.00000000099999999967 0.00000000099999999967 0.00000000099999999967 0.00000000099999999967 0.99999999499999991937 0.00000000099999999967 
0.00000000099999999966 0.00000000099999999966 0.00000000099999999966 0.00000000099999999966 0.99999999500000003039 0.00000000099999999966 
0.00000000099999999971 0.00000000099999999971 0.00000000099999999971 0.00000000099999999971 0.99999999500000003039 0.00000000099999999971 
0.00000000099999999964 0.00000000099999999964 0.00000000099999999964 0.00000000099999999964 0.99999999500000003039 0.00000000099999999964 
0.04978538953994091770 0.00000000099999999987 0.00000000099999999987 0.00000000099999999987 0.95021460646005917461 0.00000000099999999987 
0.00000000099999999962 0.00000000099999999962 0.00000000099999999962 0.00000000099999999962 0.99999999500000003039 0.00000000099999999962 
0.00000000099999999967 0.00000000099999999967 0.00000000099999999967 0.00000000099999999967 0.99999999500000003039 0.00000000099999999967 
0.04150896082356643479 0.00000000099999999974 0.00000000099999999974 0.00000000099999999974 0.95849103517643352568 0.00000000099999999974 
0.00523128804131299443 0.00000000099999999973 0.00000000099999999973 0.00000000099999999973 0.99476870795868710395 0.00000000099999999973 
0.00000000099999999962 0.00000000099999999962 0.00000000099999999962 0.00000000099999999962 0.99999999499999991937 0.00000000099999999962 
0.01576433435032640121 0.00000000099999999977 0.00000000099999999977 0.00000000099999999977 0.98423566164967346559 0.00000000099999999977 
0.02231032685861605858 0.00000000099999999978 0.02026917722334705199 0.00000000099999999978 0.95742049291803688060 0.00000000099999999978 
0.00000000099999999966 0.00000000099999999966 0.00000000099999999966 0.00000000099999999966 0.00000000099999999966 0.99999999500000003039 
0.00000000099999999978 0.00000000099999999978 0.00000000099999999978 0.00000000099999999978 0.00000000099999999978 0.99999999499999991937 
0.00000000099999999958 0.00000000099999999958 0.00000000099999999958 0.00000000099999999958 0.00000000099999999958 0.99999999500000003039 
0.00000000099999999956 0.00000000099999999956 0.00000000099999999956 0.00000000099999999956 0.00000000099999999956 0.99999999499999991937 
0.00000000099999999952 0.00000000099999999952 0.00000000099999999952 0.00000000099999999952 0.00000000099999999952 0.99999999499999991937 
0.00000000099999999960 0.00000000099999999960 0.00000000099999999960 0.00000000099999999960 0.00000000099999999960 0.99999999500000003039 
0.01054483618214321385 0.00000000099999999979 0.00000000099999999979 0.00000000099999999979 0.00000000099999999979 0.98945515981785681081 
0.00000000099999999957 0.00000000099999999957 0.00000000099999999957 0.00000000099999999957 0.00000000099999999957 0.99999999499999991937 
0.00000000099999999965 0.00000000099999999965 0.00000000099999999965 0.00000000099999999965 0.00000000099999999965 0.99999999499999991937 
0.00000000099999999967 0.00000000099999999967 0.00000000099999999967 0.00000000099999999967 0.00000000099999999967 0.99999999499999991937 
0.00000000099999999959 0.00000000099999999959 0.00000000099999999959 0.00000000099999999959 0.00000000099999999959 0.99999999499999991937 
0.00000000099999999952 0.00000000099999999952 0.00000000099999999952 0.00000000099999999952 0.00000000099999999952 0.99999999500000003039 
0.00000000099999999972 0.00000000099999999972 0.00000000099999999972 0.00000000099999999972 0.00000000099999999972 0.99999999499999991937 
0.00000000099999999966 0.00000000099999999966 0.00000000099999999966 0.00000000099999999966 0.00000000099999999966 0.99999999500000003039 
