0.00000000099999999969 0.00000000099999999969 0.00000000099999999969 0.00000000099999999969 0.14665515292824815585 0.00000000099999999969 0.85334484207175187453 
0.00000000099999999975 0.00000000099999999975 0.00000000099999999975 0.00000000099999999975 0.13628071357589971457 0.00328966038549483204 0.86042962203860540171 
0.00000000099999999978 0.00000000099999999978 0.00000000099999999978 0.00000000099999999978 0.12858068381861786911 0.00000000099999999978 0.87141931118138227230 
0.00000000099999999979 0.00000000099999999979 0.00000000099999999979 0.00000000099999999979 0.14075117380230231512 0.00000000099999999979 0.85924882119769785405 
0.00000000099999999982 0.00000000099999999982 0.00000000099999999982 0.00000000099999999982 0.15645880741460096996 0.01172265331308265830 0.83181853527231641721 
0.00000000099999999984 0.00000000099999999984 0.00000000099999999984 0.00000000099999999984 0.16222137325776214700 0.02846471389269914290 0.80931390884953868792 
0.00000000099999999982 0.00000000099999999982 0.00000000099999999982 0.00000000099999999982 0.16781931211333009357 0.00000000099999999982 0.83218068288666979804 
0.00000000099999999977 0.00000000099999999977 0.00000000099999999977 0.00000000099999999977 0.18417375528074983460 0.00000000099999999977 0.81582623971925027906 
0.00000000099999999976 0.00000000099999999976 0.00000000099999999976 0.00000000099999999976 0.14328566191641728400 0.00274539109694996349 0.85396894298663272860 
0.00000000099999999978 0.00000000099999999978 0.00000000099999999978 0.00000000099999999978 0.14656843683865145023 0.00000000099999999978 0.85343155816134841363 
0.00000000099999999977 0.00000000099999999977 0.00000000099999999977 0.00000000099999999977 0.15985678472608158551 0.00000000099999999977 0.84014321027391836161 
0.00000000099999999983 0.00000000099999999983 0.00000000099999999983 0.00000000099999999983 0.15458725918864810178 0.00730445181715910427 0.83810828499419276483 
0.00000000099999999971 0.00000000099999999971 0.00000000099999999971 0.00000000099999999971 0.18103975284335130369 0.00000000099999999971 0.81896024215664875445 
0.00000000099999999978 0.00000000099999999978 0.00000000099999999978 0.00000000099999999978 0.11888333434980051517 0.01932195060422004299 0.86179471104597937803 
0.36476535010256816438 0.58733194044993908278 0.00000000099999999981 0.04790270544749287984 0.00000000099999999981 0.00000000099999999981 0.00000000099999999981 
0.35883292840781777500 0.59597299107582724087 0.00000000099999999983 0.04519407651635516665 0.00000000099999999983 0.00000000099999999983 0.00000000099999999983 
0.34682198040141032358 0.63384253846970328716 0.00000000099999999980 0.01933547712888645381 0.00000000099999999980 0.00000000099999999980 0.00000000099999999980 
0.36168473471027157151 0.59995222083389454504 0.00000000099999999982 0.03836304045583378841 0.00000000099999999982 0.00000000099999999982 0.00000000099999999982 
0.35068116282919364890 0.63003089288475921936 0.00000000099999999979 0.01928794028604723446 0.00000000099999999979 0.00000000099999999979 0.00000000099999999979 
0.35954318750031838414 0.58652108877772557438 0.00000000099999999982 0.05393571972195601583 0.00000000099999999982 0.00000000099999999982 0.00000000099999999982 
0.35511635399434188232 0.57883546224893445142 0.00000000099999999983 0.06604817975672371000 0.00000000099999999983 0.00000000099999999983 0.00000000099999999983 
0.36731920413223639876 0.58829903242644565609 0.00000000099999999983 0.04438175944131812073 0.00000000099999999983 0.00000000099999999983 0.00000000099999999983 
0.34141295087859752089 0.65797763439854795031 0.00000000099999999981 0.00060941072285459618 0.00000000099999999981 0.00000000099999999981 0.00000000099999999981 
0.37212947635507104271 0.61361381284896965305 0.00000000099999999978 0.01425670679595939135 0.00000000099999999978 0.00000000099999999978 0.00000000099999999978 
0.99999999400000016969 0.00000000099999999957 0.00000000099999999957 0.00000000099999999957 0.00000000099999999957 0.00000000099999999957 0.00000000099999999957 
0.99999999400000016969 0.00000000099999999958 0.00000000099999999958 0.00000000099999999958 0.00000000099999999958 0.00000000099999999958 0.00000000099999999958 
0.99999999400000016969 0.00000000099999999953 0.00000000099999999953 0.00000000099999999953 0.00000000099999999953 0.00000000099999999953 0.00000000099999999953 
0.99999999400000005867 0.00000000099999999958 0.00000000099999999958 0.00000000099999999958 0.00000000099999999958 0.00000000099999999958 0.00000000099999999958 
0.99999999400000016969 0.00000000099999999953 0.00000000099999999953 0.00000000099999999953 0.00000000099999999953 0.00000000099999999953 0.00000000099999999953 
0.99999999400000016969 0.00000000099999999948 0.00000000099999999948 0.00000000099999999948 0.00000000099999999948 0.00000000099999999948 0.00000000099999999948 
0.99999999400000016969 0.00000000099999999951 0.00000000099999999951 0.00000000099999999951 0.00000000099999999951 0.00000000099999999951 0.00000000099999999951 
0.98637391803260410228 0.01362607696739605821 0.00000000099999999970 0.00000000099999999970 0.00000000099999999970 0.00000000099999999970 0.00000000099999999970 
0.98558871989769825106 0.01441127510230184525 0.00000000099999999968 0.00000000099999999968 0.00000000099999999968 0.00000000099999999968 0.00000000099999999968 
0.98337677920215249561 0.01662321579784761805 0.00000000099999999968 0.00000000099999999968 0.00000000099999999968 0.00000000099999999968 0.00000000099999999968 
0.99999999400000016969 0.00000000099999999954 0.00000000099999999954 0.00000000099999999954 0.00000000099999999954 0.00000000099999999954 0.00000000099999999954 
0.00000000099999999974 0.00000000099999999974 0.99999999400000005867 0.00000000099999999974 0.00000000099999999974 0.00000000099999999974 0.00000000099999999974 
0.00000000099999999972 0.00000000099999999972 0.99999999399999994765 0.00000000099999999972 0.00000000099999999972 0.00000000099999999972 0.00000000099999999972 
0.00000000099999999970 0.00000000099999999970 0.99999999399999994765 0.00000000099999999970 0.00000000099999999970 0.00000000099999999970 0.00000000099999999970 
0.00000000099999999970 0.00000000099999999970 0.99999999399999994765 0.00000000099999999970 0.00000000099999999970 0.00000000099999999970 0.00000000099999999970 
0.00000000099999999968 0.00000000099999999968 0.99999999399999994765 0.00000000099999999968 0.00000000099999999968 0.00000000099999999968 0.00000000099999999968 
0.00000000099999999962 0.00000000099999999962 0.99999999400000005867 0.00000000099999999962 0.00000000099999999962 0.00000000099999999962 0.00000000099999999962 
0.00000000099999999963 0.00000000099999999963 0.99999999399999994765 0.00000000099999999963 0.00000000099999999963 0.00000000099999999963 0.00000000099999999963 
0.00000000099999999972 0.00000000099999999972 0.99999999400000005867 0.00000000099999999972 0.00000000099999999972 0.00000000099999999972 0.00000000099999999972 
0.00000000099999999956 0.00000000099999999956 0.99999999400000005867 0.00000000099999999956 0.00000000099999999956 0.00000000099999999956 0.00000000099999999956 
0.00000000099999999963 0.00000000099999999963 0.99999999399999994765 0.00000000099999999963 0.00000000099999999963 0.00000000099999999963 0.00000000099999999963 
0.00000000099999999966 0.00000000099999999966 0.99999999400000005867 0.00000000099999999966 0.00000000099999999966 0.00000000099999999966 0.00000000099999999966 
0.00000000099999999932 0.99999999400000005867 0.00000000099999999932 0.00000000099999999932 0.00000000099999999932 0.00000000099999999932 0.00000000099999999932 
0.00000000099999999938 0.99999999400000016969 0.00000000099999999938 0.00000000099999999938 0.00000000099999999938 0.00000000099999999938 0.00000000099999999938 
0.00000000099999999938 0.99999999400000016969 0.00000000099999999938 0.00000000099999999938 0.00000000099999999938 0.00000000099999999938 0.00000000099999999938 
0.00000000099999999937 0.99999999400000005867 0.00000000099999999937 0.00000000099999999937 0.00000000099999999937 0.00000000099999999937 0.00000000099999999937 
0.00000000099999999932 0.99999999400000005867 0.00000000099999999932 0.00000000099999999932 0.00000000099999999932 0.00000000099999999932 0.00000000099999999932 
0.00000000099999999941 0.99999999400000016969 0.00000000099999999941 0.00000000099999999941 0.00000000099999999941 0.00000000099999999941 0.00000000099999999941 
0.00000000099999999934 0.99999999400000016969 0.00000000099999999934 0.00000000099999999934 0.00000000099999999934 0.00000000099999999934 0.00000000099999999934 
0.00000000099999999939 0.99999999400000016969 0.00000000099999999939 0.00000000099999999939 0.00000000099999999939 0.00000000099999999939 0.00000000099999999939 
0.00000000099999999931 0.99999999400000016969 0.00000000099999999931 0.00000000099999999931 0.00000000099999999931 0.00000000099999999931 0.00000000099999999931 
0.00000000099999999933 0.99999999400000005867 0.00000000099999999933 0.00000000099999999933 0.00000000099999999933 0.00000000099999999933 0.00000000099999999933 
0.00000000099999999934 0.99999999400000005867 0.00000000099999999934 0.00000000099999999934 0.00000000099999999934 0.00000000099999999934 0.00000000099999999934 
0.00000000099999999931 0.99999999400000016969 0.00000000099999999931 0.00000000099999999931 0.00000000099999999931 0.00000000099999999931 0.00000000099999999931 
0.00000000099999999936 0.99999999400000005867 0.00000000099999999936 0.00000000099999999936 0.00000000099999999936 0.00000000099999999936 0.00000000099999999936 
0.00000000099999999934 0.99999999400000005867 0.00000000099999999934 0.00000000099999999934 0.00000000099999999934 0.00000000099999999934 0.00000000099999999934 
0.00000000099999999927 0.99999999400000016969 0.00000000099999999927 0.00000000099999999927 0.00000000099999999927 0.00000000099999999927 0.00000000099999999927 
0.00000000099999999946 0.99999999400000005867 0.00000000099999999946 0.00000000099999999946 0.00000000099999999946 0.00000000099999999946 0.00000000099999999946 
0.00000000099999999933 0.99999999400000005867 0.00000000099999999933 0.00000000099999999933 0.00000000099999999933 0.00000000099999999933 0.00000000099999999933 
0.00000000099999999929 0.99999999400000005867 0.00000000099999999929 0.00000000099999999929 0.00000000099999999929 0.00000000099999999929 0.00000000099999999929 
0.99999999400000016969 0.00000000099999999958 0.00000000099999999958 0.00000000099999999958 0.00000000099999999958 0.00000000099999999958 0.00000000099999999958 
0.99999999400000005867 0.00000000099999999943 0.00000000099999999943 0.00000000099999999943 0.00000000099999999943 0.00000000099999999943 0.00000000099999999943 
0.38413547437293504849 0.07971248550793461063 0.48864897443927424181 0.04750306267985601044 0.00000000099999999989 0.00000000099999999989 0.00000000099999999989 
0.40345262408339577220 0.05639098680167251715 0.49228091518378852554 0.04787547093114317281 0.00000000099999999993 0.00000000099999999993 0.00000000099999999993 
0.38760806184271395791 0.07750033970224406987 0.48578856489036942312 0.04910303056467260618 0.00000000099999999987 0.00000000099999999987 0.00000000099999999987 
0.48502029554117354060 0.38762244418903107901 0.00000000099999999996 0.11200290884337051056 0.01535434842642484192 0.00000000099999999996 0.00000000099999999996 
0.36997006067988713607 0.51216472295259640735 0.00101432792976270322 0.11685088543775368208 0.00000000099999999993 0.00000000099999999993 0.00000000099999999993 
0.40876051784614142459 0.46482477400590643812 0.00000000099999999987 0.12641470414795219490 0.00000000099999999987 0.00000000099999999987 0.00000000099999999987 
0.42679676735093746709 0.54977362467503965160 0.00000000099999999979 0.02342960397402303260 0.00000000099999999979 0.00000000099999999979 0.00000000099999999979 
0.45237622153863749075 0.49192217853404140993 0.00000000099999999979 0.05570159592732113613 0.00000000099999999979 0.00000000099999999979 0.00000000099999999979 
0.32953606339808166892 0.58766315399946744691 0.00000000099999999973 0.08280077860245078913 0.00000000099999999973 0.00000000099999999973 0.00000000099999999973 
0.43035814374738906585 0.56964185125261090903 0.00000000099999999968 0.00000000099999999968 0.00000000099999999968 0.00000000099999999968 0.00000000099999999968 
0.43382971462666858331 0.52997095733757348945 0.00000000099999999976 0.03619932403575800567 0.00000000099999999976 0.00000000099999999976 0.00000000099999999976 
0.34977871164370594181 0.59068840937516930989 0.00000000099999999998 0.05073202403314908820 0.00204367936819740883 0.00000000099999999998 0.00675717357977830349 
0.39907657517483463572 0.53045023190821372072 0.00000000099999999981 0.07047318891695188159 0.00000000099999999981 0.00000000099999999981 0.00000000099999999981 
0.31338940391500602622 0.63150744376134204661 0.00000000099999999974 0.05510314832365207499 0.00000000099999999974 0.00000000099999999974 0.00000000099999999974 
0.38222134434429039240 0.55494725276352585563 0.00000000099999999980 0.06283139889218390672 0.00000000099999999980 0.00000000099999999980 0.00000000099999999980 
0.36027362679383112543 0.57131691544304719077 0.00000000099999999986 0.06840945376312176918 0.00000000099999999986 0.00000000099999999986 0.00000000099999999986 
0.38200171595088888710 0.55340411749847495670 0.00000000099999999986 0.06459416255063604728 0.00000000099999999986 0.00000000099999999986 0.00000000099999999986 
0.38126675895461925592 0.57956142697327150959 0.00000000099999999980 0.03917181007210914639 0.00000000099999999980 0.00000000099999999980 0.00000000099999999980 
0.60120576434542272182 0.27742063867158245349 0.01717469143297772893 0.04934180003438312645 0.04723406522203756758 0.00000000099999999997 0.00762303929359635542 
0.57108651772809260194 0.34827748644603118144 0.03085444400442457352 0.02197375512109191881 0.01413658356007417051 0.00000000099999999998 0.01367121214028558379 
0.52020670769980559278 0.40242409353970381991 0.02950825827310348329 0.03022182282879568027 0.01763911565859144562 0.00000000099999999996 0.00000000099999999996 
0.68357261560586168869 0.23139008656641396611 0.04161122855761354572 0.00000000099999999996 0.03856981328499353712 0.00000000099999999996 0.00485625398511725734 
0.71338551101041813851 0.22594631909122089852 0.03671984294389368797 0.00000000099999999997 0.02394832395446743270 0.00000000099999999997 0.00000000099999999997 
0.48313069983880846392 0.37600255232716645049 0.04996780845470900206 0.03552792205515680618 0.03994370904994183624 0.00000000099999999998 0.01542730727421750409 
0.69123550770606212446 0.22692710574746249863 0.03568961100768214961 0.00000000099999999996 0.04069438172678985915 0.00000000099999999996 0.00545339181200330328 
0.50924885539704212167 0.41668336908986780553 0.02306164968152221370 0.02703559466019978333 0.02397052917136806294 0.00000000099999999998 0.00000000099999999998 
0.00000000099999999925 0.00000000099999999925 0.00000000099999999925 0.00000000099999999925 0.00000000099999999925 0.00000000099999999925 0.99999999399999994765 
0.00000000099999999921 0.00000000099999999921 0.00000000099999999921 0.00000000099999999921 0.00000000099999999921 0.00000000099999999921 0.99999999399999994765 
0.00000000099999999920 0.00000000099999999920 0.00000000099999999920 0.00000000099999999920 0.00000000099999999920 0.00000000099999999920 0.99999999399999994765 
0.00000000099999999923 0.00000000099999999923 0.00000000099999999923 0.00000000099999999923 0.00000000099999999923 0.00000000099999999923 0.99999999399999994765 
0.00000000099999999920 0.00000000099999999920 0.00000000099999999920 0.00000000099999999920 0.00000000099999999920 0.00000000099999999920 0.99999999399999994765 
0.00000000099999999922 0.00000000099999999922 0.00000000099999999922 0.00000000099999999922 0.00000000099999999922 0.00000000099999999922 0.99999999400000005867 
0.00000000099999999920 0.00000000099999999920 0.00000000099999999920 0.00000000099999999920 0.00000000099999999920 0.00000000099999999920 0.99999999399999994765 
0.00000000099999999919 0.00000000099999999919 0.00000000099999999919 0.00000000099999999919 0.00000000099999999919 0.00000000099999999919 0.99999999400000005867 
0.00000000099999999918 0.00000000099999999918 0.00000000099999999918 0.00000000099999999918 0.00000000099999999918 0.00000000099999999918 0.99999999399999994765 
0.00000000099999999920 0.00000000099999999920 0.00000000099999999920 0.00000000099999999920 0.00000000099999999920 0.00000000099999999920 0.99999999399999994765 
0.00000000099999999923 0.00000000099999999923 0.00000000099999999923 0.00000000099999999923 0.00000000099999999923 0.00000000099999999923 0.99999999399999994765 
0.00000000099999999922 0.00000000099999999922 0.00000000099999999922 0.00000000099999999922 0.00000000099999999922 0.00000000099999999922 0.99999999400000005867 
0.00000000099999999920 0.00000000099999999920 0.00000000099999999920 0.00000000099999999920 0.00000000099999999920 0.00000000099999999920 0.99999999399999994765 
0.00000000099999999926 0.00000000099999999926 0.00000000099999999926 0.00000000099999999926 0.00000000099999999926 0.00000000099999999926 0.99999999399999994765 
0.00000000099999999937 0.00000000099999999937 0.00000000099999999937 0.00000000099999999937 0.00000000099999999937 0.00000000099999999937 0.99999999399999994765 
0.00000000099999999926 0.00000000099999999926 0.00000000099999999926 0.00000000099999999926 0.00000000099999999926 0.00000000099999999926 0.99999999400000005867 
0.52736424841350337811 0.34038721276524502857 0.02660424039904327187 0.06611779016453356306 0.03165619720719569513 0.00000000100000000000 0.00787031005047898573 
0.34081087605111898275 0.61500320952160936194 0.00000000099999999986 0.04418591042727172680 0.00000000099999999986 0.00000000099999999986 0.00000000099999999986 
0.34897249758003906495 0.61405756223415219885 0.00000000099999999991 0.03696993618580877994 0.00000000099999999991 0.00000000099999999991 0.00000000099999999991 
0.99999999400000005867 0.00000000099999999973 0.00000000099999999973 0.00000000099999999973 0.00000000099999999973 0.00000000099999999973 0.00000000099999999973 
0.40174546477123063148 0.00000000099999999979 0.00000000099999999979 0.59825453022876939890 0.00000000099999999979 0.00000000099999999979 0.00000000099999999979 
0.99999999400000005867 0.00000000099999999976 0.00000000099999999976 0.00000000099999999976 0.00000000099999999976 0.00000000099999999976 0.00000000099999999976 
0.99999999400000016969 0.00000000099999999977 0.00000000099999999977 0.00000000099999999977 0.00000000099999999977 0.00000000099999999977 0.00000000099999999977 
0.99721740547849158087 0.00278258952150853755 0.00000000099999999982 0.00000000099999999982 0.00000000099999999982 0.00000000099999999982 0.00000000099999999982 
0.98539574761968373728 0.01460424738031637637 0.00000000099999999986 0.00000000099999999986 0.00000000099999999986 0.00000000099999999986 0.00000000099999999986 
0.00000000099999999977 0.00000000099999999977 0.00000000099999999977 0.00000000099999999977 0.00000000099999999977 0.41238481030465068411 0.58761518469534923526 
0.00000000099999999972 0.00000000099999999972 0.00000000099999999972 0.00000000099999999972 0.00000000099999999972 0.41668159867298454335 0.58331839632701532050 
0.00000000099999999973 0.00000000099999999973 0.00000000099999999973 0.00000000099999999973 0.00000000099999999973 0.42158412480466705974 0.57841587019533291514 
0.00000000099999999971 0.00000000099999999971 0.00000000099999999971 0.00000000099999999971 0.00000000099999999971 0.42640564392647628544 0.57359435107352363392 
0.00000000099999999970 0.00000000099999999970 0.00000000099999999970 0.00000000099999999970 0.00000000099999999970 0.43477008576993914080 0.56522990923006077857 
0.00000000099999999972 0.00000000099999999972 0.00000000099999999972 0.00000000099999999972 0.00000000099999999972 0.41554034318882721033 0.58445965181117265352 
0.00000000099999999971 0.00000000099999999971 0.00000000099999999971 0.00000000099999999971 0.00000000099999999971 0.42181032066583884488 0.57818967433416124102 
0.00000000099999999970 0.00000000099999999970 0.00000000099999999970 0.00000000099999999970 0.00000000099999999970 0.40630700828763260946 0.59369298671236747644 
0.00000000099999999982 0.00000000099999999982 0.00000000099999999982 0.00000000099999999982 0.00000000099999999982 0.43341065572559578367 0.56658933927440424672 
0.00000000099999999975 0.00000000099999999975 0.00000000099999999975 0.00000000099999999975 0.00000000099999999975 0.41207959277076794402 0.58792040222923203086 
0.00000000099999999971 0.00000000099999999971 0.00000000099999999971 0.00000000099999999971 0.00000000099999999971 0.42678543410426622584 0.57321456089573374904 
0.00000000099999999969 0.00000000099999999969 0.00000000099999999969 0.00000000099999999969 0.00000000099999999969 0.42880743788234232383 0.57119255711765781758 
0.00000000099999999937 0.00000000099999999937 0.99999999399999994765 0.00000000099999999937 0.00000000099999999937 0.00000000099999999937 0.00000000099999999937 
0.00000000099999999929 0.00000000099999999929 0.99999999399999994765 0.00000000099999999929 0.00000000099999999929 0.00000000099999999929 0.00000000099999999929 
0.00000000099999999952 0.00000000099999999952 0.99999999399999994765 0.00000000099999999952 0.00000000099999999952 0.00000000099999999952 0.00000000099999999952 
0.00000000099999999928 0.00000000099999999928 0.99999999399999994765 0.00000000099999999928 0.00000000099999999928 0.00000000099999999928 0.00000000099999999928 
0.00000000099999999936 0.00000000099999999936 0.99999999400000005867 0.00000000099999999936 0.00000000099999999936 0.00000000099999999936 0.00000000099999999936 
0.00000000099999999932 0.00000000099999999932 0.99999999400000005867 0.00000000099999999932 0.00000000099999999932 0.00000000099999999932 0.00000000099999999932 
0.00000000099999999977 0.00000000099999999977 0.99999999400000005867 0.00000000099999999977 0.00000000099999999977 0.00000000099999999977 0.00000000099999999977 
0.00000000099999999935 0.00000000099999999935 0.99999999400000005867 0.00000000099999999935 0.00000000099999999935 0.00000000099999999935 0.00000000099999999935 
0.00000000099999999933 0.00000000099999999933 0.99999999400000005867 0.00000000099999999933 0.00000000099999999933 0.00000000099999999933 0.00000000099999999933 
0.00000000099999999938 0.00000000099999999938 0.99999999400000005867 0.00000000099999999938 0.00000000099999999938 0.00000000099999999938 0.00000000099999999938 
0.00000000099999999934 0.00000000099999999934 0.99999999399999994765 0.00000000099999999934 0.00000000099999999934 0.00000000099999999934 0.00000000099999999934 
0.51068567459209479598 0.00000000099999999955 0.00000000099999999955 0.48931432040790517890 0.00000000099999999955 0.00000000099999999955 0.00000000099999999955 
0.32802530416237246635 0.00000000099999999957 0.00000000099999999957 0.67197469083762750852 0.00000000099999999957 0.00000000099999999957 0.00000000099999999957 
0.31378765909244210608 0.00000000099999999958 0.00000000099999999958 0.68621233590755770226 0.00000000099999999958 0.00000000099999999958 0.00000000099999999958 
0.66087977284343579765 0.00000000099999999958 0.00000000099999999958 0.33912022215656423274 0.00000000099999999958 0.00000000099999999958 0.00000000099999999958 
0.27536741442611800679 0.00000000099999999955 0.00000000099999999955 0.72463258057388191258 0.00000000099999999955 0.00000000099999999955 0.00000000099999999955 
0.33162300623214241435 0.00000000099999999954 0.00000000099999999954 0.66837698876785744950 0.00000000099999999954 0.00000000099999999954 0.00000000099999999954 
0.00000000099999999888 0.00000000099999999888 0.00000000099999999888 0.99999999399999983662 0.00000000099999999888 0.00000000099999999888 0.00000000099999999888 
0.13275473504632301358 0.00000000099999999956 0.00000000099999999956 0.86724525995367707232 0.00000000099999999956 0.00000000099999999956 0.00000000099999999956 
0.20325571063183048293 0.00000000099999999956 0.00000000099999999956 0.79674428436816946419 0.00000000099999999956 0.00000000099999999956 0.00000000099999999956 
0.66934582377736129288 0.00000000099999999958 0.00000000099999999958 0.33065417122263873750 0.00000000099999999958 0.00000000099999999958 0.00000000099999999958 
0.19249222610024185887 0.00000000099999999956 0.00000000099999999956 0.80750776889975806050 0.00000000099999999956 0.00000000099999999956 0.00000000099999999956 
0.43160017907872860743 0.00000000099999999951 0.00000000099999999951 0.56839981592127142296 0.00000000099999999951 0.00000000099999999951 0.00000000099999999951 
0.71820938016559099371 0.00000000099999999955 0.00000000099999999955 0.28179061483440920322 0.00000000099999999955 0.00000000099999999955 0.00000000099999999955 
0.48216489622372543655 0.00000000099999999954 0.00000000099999999954 0.51783509877627453832 0.00000000099999999954 0.00000000099999999954 0.00000000099999999954 
0.23454992871695934387 0.00000000099999999958 0.00000000099999999958 0.76545006628304057550 0.00000000099999999958 0.00000000099999999958 0.00000000099999999958 
0.41385189732061083978 0.00000000099999999954 0.00000000099999999954 0.58614809767938924612 0.00000000099999999954 0.00000000099999999954 0.00000000099999999954 
0.52749195337728682631 0.22800262344877339493 0.04429052362348726707 0.15821165188276933855 0.03408491132573904930 0.00016389635374975572 0.00775443998819437541 
0.55076643166825911546 0.20962464445711304073 0.04408963003943141418 0.12167983291946563029 0.06185462340466157949 0.00000000099999999998 0.01198483651106922385 
0.60918120700750710839 0.19971524825324815655 0.03877341570021792388 0.11419372039970404620 0.03811793207930688765 0.00000000099999999999 0.00001847556001582424 
0.46134694038864526577 0.29051488765754379662 0.07195656319382104371 0.12936852611333396479 0.04681308064665593016 0.00000000099999999996 0.00000000099999999996 
0.52292863027837155343 0.25939663725864986477 0.02057239997061983613 0.16764181504982655913 0.02859973863849098186 0.00000000099999999997 0.00086077780404126127 
0.50616226279064802096 0.25863818132571636532 0.04121114483798480471 0.15015993673717950574 0.02918494025874065687 0.00846803599353495966 0.00617549805619565899 
0.49281393190530842219 0.25144150374864671083 0.06451317421583750711 0.13965635952057073310 0.05157502860963660701 0.00000000099999999995 0.00000000099999999995 
0.53062054918132162129 0.23892978281868762491 0.06210435119978040264 0.09359455464803234648 0.07475076015217808900 0.00000000100000000000 0.00000000100000000000 
0.53179180642070844609 0.22296007323370992115 0.05375194278933125708 0.11997445174984235072 0.07152172380640800520 0.00000000099999999996 0.00000000099999999996 
0.53141412599290216434 0.25229606846908758655 0.06372149696855526624 0.11050265902521855255 0.03718560454786914299 0.00024026673759521352 0.00463977825877213632 
0.53217522358985502873 0.18058315496607160733 0.05767644538440413332 0.19408210133208175785 0.02601091300271595255 0.00000000099999999998 0.00947216072487143228 
0.55979034361286250654 0.25176801521670466588 0.05518760990354778379 0.10882068138096831489 0.00000050749589606807 0.00000000099999999998 0.02443284139002082495 
0.25607676211403374023 0.13346948274898248754 0.08558340492864054128 0.02823813186980094619 0.28114325976468762525 0.02659008202935490145 0.18889887654449968868 
0.26607742289878472119 0.13053055623070144997 0.10648011980682520194 0.00216818813109077467 0.28490505662250081853 0.02623539776184857786 0.18360325854824863234 
0.30155188353782330646 0.09776249356635478838 0.13914096920426080595 0.00508806878458492335 0.25776386761131486747 0.02757056701104656365 0.17112215028461491562 
0.27592347504169545402 0.14900404225442820394 0.08118404078583175976 0.00000004372178022587 0.24785547355210749143 0.04047679164842375027 0.20555613299573313735 
0.30179842191240752181 0.10375505324891795556 0.09623111393050268192 0.01481828983996523463 0.26548218947258328537 0.04263080105772322492 0.17528413053789998477 
0.25911794115216774115 0.11958730751526731872 0.11800254042955243827 0.03006852421664224159 0.25414011141219533529 0.04934556522402706175 0.16973801005014790833 
0.73358171098118807318 0.00000000099999999953 0.00000000099999999953 0.26641828401881195720 0.00000000099999999953 0.00000000099999999953 0.00000000099999999953 
0.46668045394627294398 0.00000000099999999958 0.00000000099999999958 0.53331954105372703090 0.00000000099999999958 0.00000000099999999958 0.00000000099999999958 
0.59489680556556379099 0.00000000099999999955 0.00000000099999999955 0.40510318943443635042 0.00000000099999999955 0.00000000099999999955 0.00000000099999999955 
0.43342198636413731272 0.00000000099999999954 0.00000000099999999954 0.56657800863586271767 0.00000000099999999954 0.00000000099999999954 0.00000000099999999954 
0.54160743962942747842 0.00000000099999999949 0.00000000099999999949 0.45839255537057266299 0.00000000099999999949 0.00000000099999999949 0.00000000099999999949 
0.42566348465629305631 0.00000000099999999958 0.00000000099999999958 0.57433651034370680755 0.00000000099999999958 0.00000000099999999958 0.00000000099999999958 
0.67745715498540293176 0.00000000099999999960 0.00000000099999999960 0.32254284001459709863 0.00000000099999999960 0.00000000099999999960 0.00000000099999999960 
0.65820008500180093858 0.00000000099999999955 0.00000000099999999955 0.34179990999819909181 0.00000000099999999955 0.00000000099999999955 0.00000000099999999955 
0.53303577409339542026 0.00000000099999999954 0.00000000099999999954 0.46696422090660461013 0.00000000099999999954 0.00000000099999999954 0.00000000099999999954 
0.55852100739970078624 0.00000000099999999956 0.00000000099999999956 0.44147898760029929965 0.00000000099999999956 0.00000000099999999956 0.00000000099999999956 
0.45411877707816450389 0.00000000099999999956 0.00000000099999999956 0.54588121792183541547 0.00000000099999999956 0.00000000099999999956 0.00000000099999999956 
0.71352563030514215558 0.00000000099999999953 0.00000000099999999953 0.28647436469485793031 0.00000000099999999953 0.00000000099999999953 0.00000000099999999953 
0.71680206702611748426 0.00000000099999999965 0.00000000099999999965 0.28319792797388254613 0.00000000099999999965 0.00000000099999999965 0.00000000099999999965 
0.40049833378341154200 0.00000000099999999957 0.00000000099999999957 0.59950166121658843288 0.00000000099999999957 0.00000000099999999957 0.00000000099999999957 
0.54054744768648499420 0.00000000099999999960 0.00000000099999999960 0.45945254731351520272 0.00000000099999999960 0.00000000099999999960 0.00000000099999999960 
0.46799179683072683611 0.00000000099999999954 0.00000000099999999954 0.53200819816927302774 0.00000000099999999954 0.00000000099999999954 0.00000000099999999954 
0.97287781869325840045 0.02712217630674160912 0.00000000099999999985 0.00000000099999999985 0.00000000099999999985 0.00000000099999999985 0.00000000099999999985 
0.98132123192698739178 0.01867876307301269065 0.00000000099999999984 0.00000000099999999984 0.00000000099999999984 0.00000000099999999984 0.00000000099999999984 
0.99999999400000016969 0.00000000099999999956 0.00000000099999999956 0.00000000099999999956 0.00000000099999999956 0.00000000099999999956 0.00000000099999999956 
0.98066268439233317267 0.01933731060766688895 0.00000000099999999987 0.00000000099999999987 0.00000000099999999987 0.00000000099999999987 0.00000000099999999987 
0.99999999400000005867 0.00000000099999999960 0.00000000099999999960 0.00000000099999999960 0.00000000099999999960 0.00000000099999999960 0.00000000099999999960 
0.76296753761850200082 0.06635854602351809461 0.15550599870265188751 0.01516791465532790935 0.00000000099999999990 0.00000000099999999990 0.00000000099999999990 
0.98412909943298843007 0.01587089556701157950 0.00000000099999999983 0.00000000099999999983 0.00000000099999999983 0.00000000099999999983 0.00000000099999999983 
0.93243366097971147610 0.03964185784306430149 0.00000000099999999987 0.02792447717722425227 0.00000000099999999987 0.00000000099999999987 0.00000000099999999987 
0.93593701970381171229 0.04132572866664006861 0.00000000099999999984 0.02273724762954816916 0.00000000099999999984 0.00000000099999999984 0.00000000099999999984 
0.92044593570707677888 0.04332499380055331722 0.00000000099999999985 0.03622906649236984356 0.00000000099999999985 0.00000000099999999985 0.00000000099999999985 
0.98954212211294567680 0.00000000099999999977 0.00000000099999999977 0.01045787288705433450 0.00000000099999999977 0.00000000099999999977 0.00000000099999999977 
0.97577538738509483895 0.00863371514189777665 0.00000000099999999986 0.01559089347300735874 0.00000000099999999986 0.00000000099999999986 0.00000000099999999986 
0.27815789362358050996 0.11675983313599970492 0.55787937361938677583 0.04720289662103292760 0.00000000099999999985 0.00000000099999999985 0.00000000099999999985 
0.28500651158762962956 0.11305947839025982937 0.55662151344135002429 0.04531249358076053224 0.00000000099999999986 0.00000000099999999986 0.00000000099999999986 
0.27784705380469965075 0.12274630299169414505 0.55523549452658982339 0.04417114567701637545 0.00000000099999999984 0.00000000099999999984 0.00000000099999999984 
0.38439499831656459561 0.08068478659776155693 0.53492021108567389120 0.00000000099999999991 0.00000000099999999991 0.00000000099999999991 0.00000000099999999991 
0.34056594884089202990 0.07935064711626196865 0.54287502254273245494 0.03720837850011366604 0.00000000099999999989 0.00000000099999999989 0.00000000099999999989 
0.33917721900447261874 0.09323133590449679542 0.49676832513560470472 0.07082311695542593821 0.00000000099999999992 0.00000000099999999992 0.00000000099999999992 
0.39666591484615665308 0.09301836947574490533 0.51031571167809852696 0.00000000099999999992 0.00000000099999999992 0.00000000099999999992 0.00000000099999999992 
0.34045793881655922464 0.09685192617336353671 0.49749265848343843244 0.06519747352663871065 0.00000000099999999996 0.00000000099999999996 0.00000000099999999996 
0.33846714538199107469 0.09196460249807808518 0.50533820707941767836 0.06423004204051326049 0.00000000099999999991 0.00000000099999999991 0.00000000099999999991 
0.54611010663059844639 0.12860560499719256300 0.27707467224834403385 0.02848508243620502881 0.00000000099999999999 0.00000000099999999999 0.01972453168765993248 
0.39295776907550722390 0.08353350678076247593 0.52350872014373039942 0.00000000099999999993 0.00000000099999999993 0.00000000099999999993 0.00000000099999999993 
0.99999999400000016969 0.00000000099999999961 0.00000000099999999961 0.00000000099999999961 0.00000000099999999961 0.00000000099999999961 0.00000000099999999961 
0.99999999400000005867 0.00000000099999999973 0.00000000099999999973 0.00000000099999999973 0.00000000099999999973 0.00000000099999999973 0.00000000099999999973 
0.99999999400000005867 0.00000000099999999970 0.00000000099999999970 0.00000000099999999970 0.00000000099999999970 0.00000000099999999970 0.00000000099999999970 
0.99999999400000005867 0.00000000099999999957 0.00000000099999999957 0.00000000099999999957 0.00000000099999999957 0.00000000099999999957 0.00000000099999999957 
0.99999999400000005867 0.00000000099999999966 0.00000000099999999966 0.00000000099999999966 0.00000000099999999966 0.00000000099999999966 0.00000000099999999966 
0.99999999400000005867 0.00000000099999999956 0.00000000099999999956 0.00000000099999999956 0.00000000099999999956 0.00000000099999999956 0.00000000099999999956 
0.00172240672932086445 0.00000000099999999997 0.02082657762709412205 0.01474923264343076627 0.07296272075193326045 0.88973906024822091432 0.00000000099999999997 
0.00000000099999999905 0.00000000099999999905 0.00000000099999999905 0.00000000099999999905 0.00000000099999999905 0.99999999399999994765 0.00000000099999999905 
0.00000000099999999913 0.00000000099999999913 0.00000000099999999913 0.00000000099999999913 0.00000000099999999913 0.99999999399999994765 0.00000000099999999913 
0.00000000099999999909 0.00000000099999999909 0.00000000099999999909 0.00000000099999999909 0.00000000099999999909 0.99999999399999994765 0.00000000099999999909 
0.00000000099999999948 0.00000000099999999948 0.00000000099999999948 0.00000000099999999948 0.00000000099999999948 0.99999999400000005867 0.00000000099999999948 
0.00000000099999999909 0.00000000099999999909 0.00000000099999999909 0.00000000099999999909 0.00000000099999999909 0.99999999399999994765 0.00000000099999999909 
0.00000000099999999907 0.00000000099999999907 0.00000000099999999907 0.00000000099999999907 0.00000000099999999907 0.99999999399999994765 0.00000000099999999907 
0.00000000099999999908 0.00000000099999999908 0.00000000099999999908 0.00000000099999999908 0.00000000099999999908 0.99999999400000005867 0.00000000099999999908 
0.00000000099999999918 0.00000000099999999918 0.00000000099999999918 0.00000000099999999918 0.00000000099999999918 0.99999999399999994765 0.00000000099999999918 
0.00000000099999999910 0.00000000099999999910 0.00000000099999999910 0.00000000099999999910 0.00000000099999999910 0.99999999400000005867 0.00000000099999999910 
0.00000000099999999914 0.00000000099999999914 0.00000000099999999914 0.00000000099999999914 0.00000000099999999914 0.99999999399999994765 0.00000000099999999914 
0.00000000099999999912 0.00000000099999999912 0.00000000099999999912 0.00000000099999999912 0.00000000099999999912 0.99999999399999994765 0.00000000099999999912 
0.00000000099999999904 0.00000000099999999904 0.00000000099999999904 0.00000000099999999904 0.00000000099999999904 0.99999999399999994765 0.00000000099999999904 
0.00000000099999999905 0.00000000099999999905 0.00000000099999999905 0.00000000099999999905 0.00000000099999999905 0.99999999400000005867 0.00000000099999999905 
0.00000000099999999905 0.00000000099999999905 0.00000000099999999905 0.00000000099999999905 0.00000000099999999905 0.99999999399999994765 0.00000000099999999905 
0.00000000099999999900 0.00000000099999999900 0.00000000099999999900 0.00000000099999999900 0.00000000099999999900 0.99999999400000005867 0.00000000099999999900 
0.58946283886911343686 0.18272617604819116344 0.12273244890770562687 0.01893466639995682738 0.04698492643145769226 0.00000000099999999997 0.03915894234357548964 
0.55798246146655594568 0.21827130090137794594 0.11195581063332854521 0.00000000099999999999 0.05446983789582222207 0.00000000099999999999 0.05732058710291539072 
0.58295605989865295626 0.19253197873266872375 0.11099717210675850987 0.00754621971225358668 0.03829549252947386795 0.00000000099999999998 0.06767307602019249912 
0.46935830336060385681 0.24609016829463392639 0.09856145200290532260 0.01508200039933474054 0.04182352215711559323 0.00000000099999999998 0.12908455278540664768 
0.57865466664961562326 0.22033079464290913907 0.12386537709811504260 0.01383430440591451420 0.03431912657920326709 0.00000000099999999998 0.02899572962424240563 
0.56937156466336114047 0.19096268894448817366 0.13836293180023373495 0.00163647634616611269 0.01494374349746751401 0.00000000099999999997 0.08472259374828340628 
0.56846038203240090159 0.20682730727348058730 0.10972042641821304343 0.00000000099999999996 0.07891575009306776856 0.00000000099999999996 0.03607613218283785284 
0.56107198107159528266 0.21540533891053553761 0.11581809013596335023 0.00000000099999999996 0.05131835443740465769 0.00000000099999999996 0.05638623344450134633 
0.59013427651872496504 0.21431724488497966297 0.08376772841158498795 0.00000000099999999997 0.04481496925296314660 0.00000000099999999997 0.06696577893174723850 
0.57431351891729065517 0.22701548069072391423 0.09897726163451563142 0.02263208570669076464 0.04222467158146058636 0.00000000099999999998 0.03483698046931840708 
0.53690149606400283666 0.22351380652180560804 0.09382144144127431418 0.00000000099999999999 0.06983586830818519497 0.00000000099999999999 0.07592738566473207495 
