0.00000000099999999973 0.00000000099999999973 0.00000000099999999973 0.71715964391564890335 0.23147809188408446923 0.00000000099999999973 0.05136225920026669250 0.00000000099999999973 
0.00000000099999999975 0.00000000099999999975 0.00000000099999999975 0.69723899705360903312 0.19165113730797778135 0.00000000099999999975 0.11110986063841297999 0.00000000099999999975 
0.00000000099999999978 0.00000000099999999978 0.00000000099999999978 0.70787986548236392359 0.19656614722918663851 0.00000000099999999978 0.09555398228844935726 0.00000000099999999978 
0.00000000099999999978 0.00000000099999999978 0.00000000099999999978 0.68938902058677520301 0.19784421359382403649 0.00000000099999999978 0.11276676081940084639 0.00000000099999999978 
0.00683312278885055656 0.00000000099999999984 0.00000000099999999984 0.68228836005967563594 0.22400981070243225490 0.00000000099999999984 0.08686870244904153215 0.00000000099999999984 
0.01791388262469195344 0.00000000099999999985 0.00000000099999999985 0.64109512764142473351 0.22855716748256085791 0.00000000099999999985 0.11243381825132255092 0.00000000099999999985 
0.00000000099999999982 0.00000000099999999982 0.00000000099999999982 0.65774508576792889425 0.22466604992559105480 0.00000000099999999982 0.11758885930648002582 0.00000000099999999982 
0.00000000099999999979 0.00000000099999999979 0.00000000099999999979 0.67259991972264243643 0.25203891679003204151 0.00000000099999999979 0.07536115848732545530 0.00000000099999999979 
0.00000000099999999975 0.00000000099999999975 0.00000000099999999975 0.69178137838316566821 0.20191417398291222618 0.00000000099999999975 0.10630444263392194171 0.00000000099999999975 
0.00000000099999999978 0.00000000099999999978 0.00000000099999999978 0.69143733045242972146 0.21749149212934185127 0.00000000099999999978 0.09107117241822844378 0.00000000099999999978 
0.00000000099999999979 0.00000000099999999979 0.00000000099999999979 0.69649486866540666341 0.23723076043351873365 0.00000000099999999979 0.06627436590107471659 0.00000000099999999979 
0.00000000099999999984 0.00000000099999999984 0.00000000099999999984 0.69665779135548089318 0.21869777077583718583 0.00000000099999999984 0.08464443286868206240 0.00000000099999999984 
0.00000000099999999972 0.00000000099999999972 0.00000000099999999972 0.67353625459925026142 0.23501686539463778614 0.00000000099999999972 0.09144687500611184405 0.00000000099999999972 
0.00000000099999999979 0.00000000099999999979 0.00000000099999999979 0.70807203543098162779 0.17936662413675291683 0.00000000099999999979 0.11256133543226538862 0.00000000099999999979 
0.00000000099999999976 0.59130169450167469058 0.36171184200027078903 0.00000000099999999976 0.00000000099999999976 0.04698645849805442587 0.00000000099999999976 0.00000000099999999976 
0.00000000099999999979 0.59877475138615010586 0.35671653173416800753 0.00000000099999999979 0.00000000099999999979 0.04450871187968202802 0.00000000099999999979 0.00000000099999999979 
0.00000000099999999975 0.63826776177585564653 0.34368027257072752967 0.00000000099999999975 0.00000000099999999975 0.01805196065341692704 0.00000000099999999975 0.00000000099999999975 
0.00000000099999999977 0.60368717028955809489 0.35866175565159191807 0.00000000099999999977 0.00000000099999999977 0.03765106905885005212 0.00000000099999999977 0.00000000099999999977 
0.00000000099999999974 0.63351290770626689230 0.34833972778723210073 0.00000000099999999974 0.00000000099999999974 0.01814735950650101654 0.00000000099999999974 0.00000000099999999974 
0.00000000099999999978 0.58968706024664596654 0.35705542612619750598 0.00000000099999999978 0.00000000099999999978 0.05325750862715662032 0.00000000099999999978 0.00000000099999999978 
0.00000000099999999977 0.57958766888389678940 0.35418200390596549232 0.00000000099999999977 0.00000000099999999977 0.06623032221013767928 0.00000000099999999977 0.00000000099999999977 
0.00000000099999999978 0.58896390355438232866 0.36677763222929538056 0.00000000099999999978 0.00000000099999999978 0.04425845921632239055 0.00000000099999999978 0.00000000099999999978 
0.00000000099999999976 0.66274683302477077618 0.33725247243475692249 0.00000000099999999976 0.00000000099999999976 0.00000068954047235430 0.00000000099999999976 0.00000000099999999976 
0.00000000099999999973 0.61853606247578518662 0.36859069039767416998 0.00000000099999999973 0.00000000099999999973 0.01287324212654075706 0.00000000099999999973 0.00000000099999999973 
0.00000000099999999948 0.00000000099999999948 0.99999999299999997593 0.00000000099999999948 0.00000000099999999948 0.00000000099999999948 0.00000000099999999948 0.00000000099999999948 
0.00000000099999999950 0.00000000099999999950 0.99999999299999997593 0.00000000099999999950 0.00000000099999999950 0.00000000099999999950 0.00000000099999999950 0.00000000099999999950 
0.00000000099999999943 0.00000000099999999943 0.99999999299999997593 0.00000000099999999943 0.00000000099999999943 0.00000000099999999943 0.00000000099999999943 0.00000000099999999943 
0.00000000099999999950 0.00000000099999999950 0.99999999299999997593 0.00000000099999999950 0.00000000099999999950 0.00000000099999999950 0.00000000099999999950 0.00000000099999999950 
0.00000000099999999944 0.00000000099999999944 0.99999999299999997593 0.00000000099999999944 0.00000000099999999944 0.00000000099999999944 0.00000000099999999944 0.00000000099999999944 
0.00000000099999999937 0.00000000099999999937 0.99999999300000008695 0.00000000099999999937 0.00000000099999999937 0.00000000099999999937 0.00000000099999999937 0.00000000099999999937 
0.00000000099999999942 0.00000000099999999942 0.99999999299999997593 0.00000000099999999942 0.00000000099999999942 0.00000000099999999942 0.00000000099999999942 0.00000000099999999942 
0.00000000099999999963 0.01406493496434056516 0.98593505903565947790 0.00000000099999999963 0.00000000099999999963 0.00000000099999999963 0.00000000099999999963 0.00000000099999999963 
0.00000000099999999962 0.01460384194840220681 0.98539615205159791778 0.00000000099999999962 0.00000000099999999962 0.00000000099999999962 0.00000000099999999962 0.00000000099999999962 
0.00000000099999999961 0.01687242408857765261 0.98312756991142247198 0.00000000099999999961 0.00000000099999999961 0.00000000099999999961 0.00000000099999999961 0.00000000099999999961 
0.00000000099999999945 0.00000000099999999945 0.99999999300000008695 0.00000000099999999945 0.00000000099999999945 0.00000000099999999945 0.00000000099999999945 0.00000000099999999945 
0.00000000099999999969 0.00000000099999999969 0.00000000099999999969 0.00000000099999999969 0.00000000099999999969 0.00000000099999999969 0.00000000099999999969 0.99999999300000008695 
0.00000000099999999966 0.00000000099999999966 0.00000000099999999966 0.00000000099999999966 0.00000000099999999966 0.00000000099999999966 0.00000000099999999966 0.99999999299999997593 
0.00000000099999999964 0.00000000099999999964 0.00000000099999999964 0.00000000099999999964 0.00000000099999999964 0.00000000099999999964 0.00000000099999999964 0.99999999299999997593 
0.00000000099999999964 0.00000000099999999964 0.00000000099999999964 0.00000000099999999964 0.00000000099999999964 0.00000000099999999964 0.00000000099999999964 0.99999999300000008695 
0.00000000099999999962 0.00000000099999999962 0.00000000099999999962 0.00000000099999999962 0.00000000099999999962 0.00000000099999999962 0.00000000099999999962 0.99999999299999997593 
0.00000000099999999955 0.00000000099999999955 0.00000000099999999955 0.00000000099999999955 0.00000000099999999955 0.00000000099999999955 0.00000000099999999955 0.99999999299999997593 
0.00000000099999999957 0.00000000099999999957 0.00000000099999999957 0.00000000099999999957 0.00000000099999999957 0.00000000099999999957 0.00000000099999999957 0.99999999299999997593 
0.00000000099999999967 0.00000000099999999967 0.00000000099999999967 0.00000000099999999967 0.00000000099999999967 0.00000000099999999967 0.00000000099999999967 0.99999999300000008695 
0.00000000099999999948 0.00000000099999999948 0.00000000099999999948 0.00000000099999999948 0.00000000099999999948 0.00000000099999999948 0.00000000099999999948 0.99999999300000008695 
0.00000000099999999956 0.00000000099999999956 0.00000000099999999956 0.00000000099999999956 0.00000000099999999956 0.00000000099999999956 0.00000000099999999956 0.99999999300000008695 
0.00000000099999999959 0.00000000099999999959 0.00000000099999999959 0.00000000099999999959 0.00000000099999999959 0.00000000099999999959 0.00000000099999999959 0.99999999299999997593 
0.00000000099999999920 0.99999999300000008695 0.00000000099999999920 0.00000000099999999920 0.00000000099999999920 0.00000000099999999920 0.00000000099999999920 0.00000000099999999920 
0.00000000099999999927 0.99999999300000019797 0.00000000099999999927 0.00000000099999999927 0.00000000099999999927 0.00000000099999999927 0.00000000099999999927 0.00000000099999999927 
0.00000000099999999926 0.99999999300000008695 0.00000000099999999926 0.00000000099999999926 0.00000000099999999926 0.00000000099999999926 0.00000000099999999926 0.00000000099999999926 
0.00000000099999999927 0.99999999300000019797 0.00000000099999999927 0.00000000099999999927 0.00000000099999999927 0.00000000099999999927 0.00000000099999999927 0.00000000099999999927 
0.00000000099999999920 0.99999999300000008695 0.00000000099999999920 0.00000000099999999920 0.00000000099999999920 0.00000000099999999920 0.00000000099999999920 0.00000000099999999920 
0.00000000099999999930 0.99999999300000008695 0.00000000099999999930 0.00000000099999999930 0.00000000099999999930 0.00000000099999999930 0.00000000099999999930 0.00000000099999999930 
0.00000000099999999922 0.99999999300000019797 0.00000000099999999922 0.00000000099999999922 0.00000000099999999922 0.00000000099999999922 0.00000000099999999922 0.00000000099999999922 
0.00000000099999999929 0.99999999300000008695 0.00000000099999999929 0.00000000099999999929 0.00000000099999999929 0.00000000099999999929 0.00000000099999999929 0.00000000099999999929 
0.00000000099999999919 0.99999999300000019797 0.00000000099999999919 0.00000000099999999919 0.00000000099999999919 0.00000000099999999919 0.00000000099999999919 0.00000000099999999919 
0.00000000099999999921 0.99999999300000019797 0.00000000099999999921 0.00000000099999999921 0.00000000099999999921 0.00000000099999999921 0.00000000099999999921 0.00000000099999999921 
0.00000000099999999922 0.99999999300000019797 0.00000000099999999922 0.00000000099999999922 0.00000000099999999922 0.00000000099999999922 0.00000000099999999922 0.00000000099999999922 
0.00000000099999999918 0.99999999300000019797 0.00000000099999999918 0.00000000099999999918 0.00000000099999999918 0.00000000099999999918 0.00000000099999999918 0.00000000099999999918 
0.00000000099999999924 0.99999999300000019797 0.00000000099999999924 0.00000000099999999924 0.00000000099999999924 0.00000000099999999924 0.00000000099999999924 0.00000000099999999924 
0.00000000099999999922 0.99999999300000019797 0.00000000099999999922 0.00000000099999999922 0.00000000099999999922 0.00000000099999999922 0.00000000099999999922 0.00000000099999999922 
0.00000000099999999914 0.99999999300000008695 0.00000000099999999914 0.00000000099999999914 0.00000000099999999914 0.00000000099999999914 0.00000000099999999914 0.00000000099999999914 
0.00000000099999999935 0.99999999300000008695 0.00000000099999999935 0.00000000099999999935 0.00000000099999999935 0.00000000099999999935 0.00000000099999999935 0.00000000099999999935 
0.00000000099999999921 0.99999999300000008695 0.00000000099999999921 0.00000000099999999921 0.00000000099999999921 0.00000000099999999921 0.00000000099999999921 0.00000000099999999921 
0.00000000099999999916 0.99999999300000019797 0.00000000099999999916 0.00000000099999999916 0.00000000099999999916 0.00000000099999999916 0.00000000099999999916 0.00000000099999999916 
0.00000000099999999950 0.00000000099999999950 0.99999999299999997593 0.00000000099999999950 0.00000000099999999950 0.00000000099999999950 0.00000000099999999950 0.00000000099999999950 
0.00000000099999999932 0.00000000099999999932 0.99999999299999997593 0.00000000099999999932 0.00000000099999999932 0.00000000099999999932 0.00000000099999999932 0.00000000099999999932 
0.00000000099999999986 0.08262546251721507307 0.38017446913499947092 0.00000000099999999986 0.00000000099999999986 0.04773473685872474392 0.00000000099999999986 0.48946532748906068644 
0.00000000099999999991 0.06082275921648137157 0.39827835199527011900 0.00000000099999999991 0.00000000099999999991 0.04741695997784667327 0.00000000099999999991 0.49348192481040181745 
0.00000000099999999983 0.08005166685186441977 0.38392917971411649747 0.00000000099999999983 0.00000000099999999983 0.04932727362413106414 0.00000000099999999983 0.48669187580988798603 
0.00000000099999999995 0.39001582125157890912 0.48261747336903298988 0.00000000099999999995 0.01556564259415986473 0.11180105878522818286 0.00000000099999999995 0.00000000099999999995 
0.00000000099999999990 0.51514360917796886419 0.36784516221029350813 0.00000000099999999990 0.00000000099999999990 0.11667651162561293310 0.00000000099999999990 0.00033471298612487645 
0.00000000099999999983 0.46762603301201305372 0.40614760300097169088 0.00000000099999999983 0.00000000099999999983 0.12622635898701542456 0.00000000099999999983 0.00000000099999999983 
0.00000000099999999974 0.55369555002900194829 0.42360220169019097147 0.00000000099999999974 0.00000000099999999974 0.02270224328080720083 0.00000000099999999974 0.00000000099999999974 
0.00000000099999999973 0.49546928596561534697 0.44971120911806589104 0.00000000099999999973 0.00000000099999999973 0.05481949991631872993 0.00000000099999999973 0.00000000099999999973 
0.00000000099999999966 0.59186459468818275464 0.32663294033376338854 0.00000000099999999966 0.00000000099999999966 0.08150245997805403986 0.00000000099999999966 0.00000000099999999966 
0.00000000099999999960 0.57314178616458155702 0.42685820783541844614 0.00000000099999999960 0.00000000099999999960 0.00000000099999999960 0.00000000099999999960 0.00000000099999999960 
0.00000000099999999969 0.53368663798829463207 0.43094277379834550201 0.00000000099999999969 0.00000000099999999969 0.03537058321336000039 0.00000000099999999969 0.00000000099999999969 
0.00000000099999999988 0.58740505695481259885 0.34323928356989491517 0.00000000099999999988 0.00000000099999999988 0.05118247327040287981 0.01817318220488968461 0.00000000099999999988 
0.00000000099999999975 0.53396126119805142896 0.39578678445020371024 0.00000000099999999975 0.00000000099999999975 0.07025194935174484956 0.00000000099999999975 0.00000000099999999975 
0.00000000099999999967 0.63381607632214109760 0.31076161983868716421 0.00000000099999999967 0.00000000099999999967 0.05542229883917188654 0.00000000099999999967 0.00000000099999999967 
0.00000000099999999975 0.55879667441122560234 0.37922446071055537775 0.00000000099999999975 0.00000000099999999975 0.06197885987821919601 0.00000000099999999975 0.00000000099999999975 
0.00000000099999999982 0.57429910393314009820 0.35758056051835357403 0.00000000099999999982 0.00000000099999999982 0.06812033054850659408 0.00000000099999999982 0.00000000099999999982 
0.00000000099999999983 0.55581510747939988359 0.38046288980915904387 0.00000000099999999983 0.00000000099999999983 0.06372199771144122782 0.00000000099999999983 0.00000000099999999983 
0.00000000099999999975 0.58299135278375135982 0.37817855808614470048 0.00000000099999999975 0.00000000099999999975 0.03883008413010407417 0.00000000099999999975 0.00000000099999999975 
0.00000000099999999997 0.28039109773561005090 0.60034279215168351307 0.00347544372459513296 0.04939447413453595254 0.04875543754071485353 0.00000000099999999997 0.01764075271286048158 
0.00000000099999999997 0.35120589910306493353 0.56999226008063930138 0.01044127498904145329 0.01587130938336421201 0.02129297701057956960 0.00000000099999999997 0.03119627743331036471 
0.00000000099999999995 0.40565512605856396400 0.51749643481628115893 0.00000000099999999995 0.01778105553080301660 0.02989708107007315110 0.00000000099999999995 0.02917029952427880810 
0.00000000099999999994 0.23303045955435539027 0.68178355154169034691 0.00000000099999999994 0.03227552288909703998 0.00000000099999999994 0.01361528202245054775 0.03929518099240674606 
0.00000000099999999996 0.22742656908755351508 0.71140817717892446126 0.00000000099999999996 0.01894572343310950771 0.00000000099999999996 0.00726750338481062068 0.03495202391560197491 
0.00000000099999999997 0.37918789937530200662 0.48054440682585347622 0.01067917842193587090 0.04055745237541722586 0.03505250753238873390 0.00434838617303720271 0.04963016829606548691 
0.00000000099999999994 0.22861204096658810370 0.68956021000348211025 0.00000000099999999994 0.03592265224276938729 0.00000000099999999994 0.01209101110893924524 0.03381408267822127306 
0.00000000099999999997 0.42169412916243514955 0.50544523081591774538 0.00000000099999999997 0.02337612880405831248 0.02638546195831276836 0.00000000099999999997 0.02309904625927615418 
0.00000000099999999914 0.00000000099999999914 0.00000000099999999914 0.99999999300000008695 0.00000000099999999914 0.00000000099999999914 0.00000000099999999914 0.00000000099999999914 
0.00000000099999999909 0.00000000099999999909 0.00000000099999999909 0.99999999299999997593 0.00000000099999999909 0.00000000099999999909 0.00000000099999999909 0.00000000099999999909 
0.00000000099999999907 0.00000000099999999907 0.00000000099999999907 0.99999999299999997593 0.00000000099999999907 0.00000000099999999907 0.00000000099999999907 0.00000000099999999907 
0.00000000099999999909 0.00000000099999999909 0.00000000099999999909 0.99999999300000008695 0.00000000099999999909 0.00000000099999999909 0.00000000099999999909 0.00000000099999999909 
0.00000000099999999909 0.00000000099999999909 0.00000000099999999909 0.99999999300000008695 0.00000000099999999909 0.00000000099999999909 0.00000000099999999909 0.00000000099999999909 
0.00000000099999999909 0.00000000099999999909 0.00000000099999999909 0.99999999300000008695 0.00000000099999999909 0.00000000099999999909 0.00000000099999999909 0.00000000099999999909 
0.00000000099999999907 0.00000000099999999907 0.00000000099999999907 0.99999999300000008695 0.00000000099999999907 0.00000000099999999907 0.00000000099999999907 0.00000000099999999907 
0.00000000099999999905 0.00000000099999999905 0.00000000099999999905 0.99999999300000008695 0.00000000099999999905 0.00000000099999999905 0.00000000099999999905 0.00000000099999999905 
0.00000000099999999902 0.00000000099999999902 0.00000000099999999902 0.99999999299999997593 0.00000000099999999902 0.00000000099999999902 0.00000000099999999902 0.00000000099999999902 
0.00000000099999999903 0.00000000099999999903 0.00000000099999999903 0.99999999300000008695 0.00000000099999999903 0.00000000099999999903 0.00000000099999999903 0.00000000099999999903 
0.00000000099999999913 0.00000000099999999913 0.00000000099999999913 0.99999999300000008695 0.00000000099999999913 0.00000000099999999913 0.00000000099999999913 0.00000000099999999913 
0.00000000099999999910 0.00000000099999999910 0.00000000099999999910 0.99999999299999997593 0.00000000099999999910 0.00000000099999999910 0.00000000099999999910 0.00000000099999999910 
0.00000000099999999906 0.00000000099999999906 0.00000000099999999906 0.99999999299999997593 0.00000000099999999906 0.00000000099999999906 0.00000000099999999906 0.00000000099999999906 
0.00000000099999999912 0.00000000099999999912 0.00000000099999999912 0.99999999299999997593 0.00000000099999999912 0.00000000099999999912 0.00000000099999999912 0.00000000099999999912 
0.00000000099999999923 0.00000000099999999923 0.00000000099999999923 0.99999999299999997593 0.00000000099999999923 0.00000000099999999923 0.00000000099999999923 0.00000000099999999923 
0.00000000099999999913 0.00000000099999999913 0.00000000099999999913 0.99999999299999997593 0.00000000099999999913 0.00000000099999999913 0.00000000099999999913 0.00000000099999999913 
0.00000000099999999998 0.34238936139316084040 0.52475038326056566707 0.00000000099999999998 0.02822737211558686704 0.06635400092086854440 0.01486426658177229798 0.02341461372804595070 
0.00000000099999999981 0.61948939547870573996 0.33685982723041052456 0.00000000099999999981 0.00000000099999999981 0.04365077229088375199 0.00000000099999999981 0.00000000099999999981 
0.00000000099999999988 0.61897996813399036586 0.34521682987359264549 0.00000000099999999988 0.00000000099999999988 0.03580319699241712311 0.00000000099999999988 0.00000000099999999988 
0.00000000099999999967 0.00000000099999999967 0.99999999299999997593 0.00000000099999999967 0.00000000099999999967 0.00000000099999999967 0.00000000099999999967 0.00000000099999999967 
0.00000000099999999975 0.00000000099999999975 0.40085751761284610373 0.00000000099999999975 0.00000000099999999975 0.59914247638715389943 0.00000000099999999975 0.00000000099999999975 
0.00000000099999999971 0.00000000099999999971 0.99999999300000008695 0.00000000099999999971 0.00000000099999999971 0.00000000099999999971 0.00000000099999999971 0.00000000099999999971 
0.00000000099999999971 0.00000000099999999971 0.99999999299999997593 0.00000000099999999971 0.00000000099999999971 0.00000000099999999971 0.00000000099999999971 0.00000000099999999971 
0.00000000099999999979 0.00377027274355125081 0.99622972125644893016 0.00000000099999999979 0.00000000099999999979 0.00000000099999999979 0.00000000099999999979 0.00000000099999999979 
0.00000000099999999983 0.01675552634683463021 0.98324446765316542152 0.00000000099999999983 0.00000000099999999983 0.00000000099999999983 0.00000000099999999983 0.00000000099999999983 
0.00000000099999999919 0.00000000099999999919 0.00000000099999999919 0.00000000099999999919 0.00000000099999999919 0.00000000099999999919 0.99999999299999986491 0.00000000099999999919 
0.00000000099999999907 0.00000000099999999907 0.00000000099999999907 0.00000000099999999907 0.00000000099999999907 0.00000000099999999907 0.99999999299999986491 0.00000000099999999907 
0.00000000099999999907 0.00000000099999999907 0.00000000099999999907 0.00000000099999999907 0.00000000099999999907 0.00000000099999999907 0.99999999299999986491 0.00000000099999999907 
0.00000000099999999902 0.00000000099999999902 0.00000000099999999902 0.00000000099999999902 0.00000000099999999902 0.00000000099999999902 0.99999999299999997593 0.00000000099999999902 
0.00000000099999999898 0.00000000099999999898 0.00000000099999999898 0.00000000099999999898 0.00000000099999999898 0.00000000099999999898 0.99999999299999997593 0.00000000099999999898 
0.00000000099999999909 0.00000000099999999909 0.00000000099999999909 0.00000000099999999909 0.00000000099999999909 0.00000000099999999909 0.99999999299999986491 0.00000000099999999909 
0.00000000099999999902 0.00000000099999999902 0.00000000099999999902 0.00000000099999999902 0.00000000099999999902 0.00000000099999999902 0.99999999299999986491 0.00000000099999999902 
0.00000000099999999907 0.00000000099999999907 0.00000000099999999907 0.00000000099999999907 0.00000000099999999907 0.00000000099999999907 0.99999999299999986491 0.00000000099999999907 
0.00000000099999999925 0.00000000099999999925 0.00000000099999999925 0.00000000099999999925 0.00000000099999999925 0.00000000099999999925 0.99999999299999997593 0.00000000099999999925 
0.00000000099999999904 0.00000000099999999904 0.00000000099999999904 0.00000000099999999904 0.00000000099999999904 0.00000000099999999904 0.99999999299999997593 0.00000000099999999904 
0.00000000099999999897 0.00000000099999999897 0.00000000099999999897 0.00000000099999999897 0.00000000099999999897 0.00000000099999999897 0.99999999299999986491 0.00000000099999999897 
0.00000000099999999903 0.00000000099999999903 0.00000000099999999903 0.00000000099999999903 0.00000000099999999903 0.00000000099999999903 0.99999999299999986491 0.00000000099999999903 
0.00000000099999999927 0.00000000099999999927 0.00000000099999999927 0.00000000099999999927 0.00000000099999999927 0.00000000099999999927 0.00000000099999999927 0.99999999299999997593 
0.00000000099999999920 0.00000000099999999920 0.00000000099999999920 0.00000000099999999920 0.00000000099999999920 0.00000000099999999920 0.00000000099999999920 0.99999999299999997593 
0.00000000099999999946 0.00000000099999999946 0.00000000099999999946 0.00000000099999999946 0.00000000099999999946 0.00000000099999999946 0.00000000099999999946 0.99999999299999997593 
0.00000000099999999917 0.00000000099999999917 0.00000000099999999917 0.00000000099999999917 0.00000000099999999917 0.00000000099999999917 0.00000000099999999917 0.99999999300000008695 
0.00000000099999999927 0.00000000099999999927 0.00000000099999999927 0.00000000099999999927 0.00000000099999999927 0.00000000099999999927 0.00000000099999999927 0.99999999299999997593 
0.00000000099999999922 0.00000000099999999922 0.00000000099999999922 0.00000000099999999922 0.00000000099999999922 0.00000000099999999922 0.00000000099999999922 0.99999999300000008695 
0.00000000099999999972 0.00000000099999999972 0.00000000099999999972 0.00000000099999999972 0.00000000099999999972 0.00000000099999999972 0.00000000099999999972 0.99999999300000008695 
0.00000000099999999925 0.00000000099999999925 0.00000000099999999925 0.00000000099999999925 0.00000000099999999925 0.00000000099999999925 0.00000000099999999925 0.99999999300000008695 
0.00000000099999999924 0.00000000099999999924 0.00000000099999999924 0.00000000099999999924 0.00000000099999999924 0.00000000099999999924 0.00000000099999999924 0.99999999299999997593 
0.00000000099999999930 0.00000000099999999930 0.00000000099999999930 0.00000000099999999930 0.00000000099999999930 0.00000000099999999930 0.00000000099999999930 0.99999999299999997593 
0.00000000099999999924 0.00000000099999999924 0.00000000099999999924 0.00000000099999999924 0.00000000099999999924 0.00000000099999999924 0.00000000099999999924 0.99999999299999997593 
0.00000000099999999945 0.00000000099999999945 0.51217347840930382841 0.00000000099999999945 0.00000000099999999945 0.48782651559069623026 0.00000000099999999945 0.00000000099999999945 
0.00000000099999999947 0.00000000099999999947 0.32918885120613611273 0.00000000099999999947 0.00000000099999999947 0.67081114279386400145 0.00000000099999999947 0.00000000099999999947 
0.00000000099999999948 0.00000000099999999948 0.31498499033942728431 0.00000000099999999948 0.00000000099999999948 0.68501500366057266334 0.00000000099999999948 0.00000000099999999948 
0.00000000099999999949 0.00000000099999999949 0.66293962037461262593 0.00000000099999999949 0.00000000099999999949 0.33706037362538748825 0.00000000099999999949 0.00000000099999999949 
0.00000000099999999945 0.00000000099999999945 0.27656915435350126753 0.00000000099999999945 0.00000000099999999945 0.72343083964649868012 0.00000000099999999945 0.00000000099999999945 
0.00000000099999999944 0.00000000099999999944 0.33399746628440407648 0.00000000099999999944 0.00000000099999999944 0.66600252771559598219 0.00000000099999999944 0.00000000099999999944 
0.00000000099999999867 0.00000000099999999867 0.00000000099999999867 0.00000000099999999867 0.00000000099999999867 0.99999999299999997593 0.00000000099999999867 0.00000000099999999867 
0.00000000099999999946 0.00000000099999999946 0.13382354136235091735 0.00000000099999999946 0.00000000099999999946 0.86617645263764897479 0.00000000099999999946 0.00000000099999999946 
0.00000000099999999946 0.00000000099999999946 0.20416481862503801925 0.00000000099999999946 0.00000000099999999946 0.79583517537496195615 0.00000000099999999946 0.00000000099999999946 
0.00000000099999999949 0.00000000099999999949 0.67091691509737150234 0.00000000099999999949 0.00000000099999999949 0.32908307890262861184 0.00000000099999999949 0.00000000099999999949 
0.00000000099999999946 0.00000000099999999946 0.19403144128236810007 0.00000000099999999946 0.00000000099999999946 0.80596855271763201412 0.00000000099999999946 0.00000000099999999946 
0.00000000099999999940 0.00000000099999999940 0.43311671911687060765 0.00000000099999999940 0.00000000099999999940 0.56688327488312950653 0.00000000099999999940 0.00000000099999999940 
0.00000000099999999947 0.00000000099999999947 0.72020842415003105685 0.00000000099999999947 0.00000000099999999947 0.27979156984996889079 0.00000000099999999947 0.00000000099999999947 
0.00000000099999999944 0.00000000099999999944 0.48455770652887547589 0.00000000099999999944 0.00000000099999999944 0.51544228747112441624 0.00000000099999999944 0.00000000099999999944 
0.00000000099999999948 0.00000000099999999948 0.23537326583152887172 0.00000000099999999948 0.00000000099999999948 0.76462672816847110369 0.00000000099999999948 0.00000000099999999948 
0.00000000099999999945 0.00000000099999999945 0.41458073167438541651 0.00000000099999999945 0.00000000099999999945 0.58541926232561458665 0.00000000099999999945 0.00000000099999999945 
0.00000000099999999999 0.23188413285417405763 0.52228248039221514265 0.00000000099999999999 0.02717136352902627117 0.15861893148878095094 0.01809583868076644966 0.04194725105503715329 
0.00000000099999999996 0.21126185331215791008 0.54997608705559108966 0.01643425771489749262 0.05647367860611832852 0.12229214629970426576 0.00000000099999999996 0.04356197501153106361 
0.00000000099999999998 0.20343973376251237029 0.60740992694571427357 0.00041195145790290578 0.03610640447041273821 0.11395597740463246639 0.00000000099999999998 0.03867600395882528352 
0.00000000099999999996 0.29218301981415151225 0.45857690128486638947 0.00000000099999999996 0.04593132144800645550 0.13004890354004611241 0.00000000099999999996 0.07325985091292970541 
0.00000000099999999995 0.26166785956453270101 0.52114526162569085876 0.00256117404997102151 0.02664438295480794916 0.16806629635352604568 0.00000000099999999995 0.01991502345147156197 
0.00000000100000000000 0.26135398080477623139 0.50183855138530941709 0.00147283494445826844 0.01998412300487131463 0.15077889268037483750 0.02500820967692533522 0.03956340650328455527 
0.00000000099999999993 0.25569838639276881720 0.48909728588241069280 0.00000000099999999993 0.05064553369770900121 0.14014185647593932482 0.00000000099999999993 0.06441693455117215861 
0.00000000099999999999 0.24212622920074125532 0.52840845811572478841 0.00000000099999999999 0.07206904993532277370 0.09394999559139606549 0.00147931030447261309 0.06196695485234257617 
0.00000000099999999994 0.22656326302342877366 0.52842516337495937240 0.00000000099999999994 0.07086804116750866633 0.12077616645007108187 0.00000000099999999994 0.05336736298403217671 
0.00000000099999999998 0.25555414019342526100 0.52932467650792403013 0.00000000099999999998 0.02545587324651613428 0.11191985933208749293 0.01614306557933113673 0.06160238314071592863 
0.00000000099999999996 0.18276645042075201353 0.52907463557721490233 0.00024776080563097412 0.02654567345780612167 0.19473763660941817433 0.00994128828129190942 0.05668655384788572754 
0.00000000099999999998 0.25591452961809302291 0.55721639759977426021 0.02104575499118214316 0.00000000099999999998 0.10882158398801453081 0.00200738266611773242 0.05499434913681822829 
0.00000000099999999999 0.13051777305692130460 0.25159272540504729054 0.09434881980791931522 0.29711856416162479855 0.02887660349201492602 0.11748887594763249287 0.08005663712883981376 
0.00000000100000000000 0.12977408220805522476 0.26268844934845431149 0.09165812584388127737 0.31234581127290728109 0.00280151542785739152 0.09854962591198576649 0.10218238898685876037 
0.00000000099999999999 0.09562584265290408059 0.29513291332522051391 0.07725191352991730986 0.27453609276727680699 0.00636169523263353104 0.11645738059118371233 0.13463416090086402499 
0.01056963040480299147 0.14715983256021022973 0.27117750780552823953 0.09944223794725164101 0.27867454505722283331 0.00000000100000000000 0.11620102083702274487 0.07677522438796133275 
0.00638039170669335489 0.10096880917818161494 0.29656763254694723519 0.08440261195340210965 0.28704045216105389393 0.01595438021161613498 0.11657593937673177420 0.09210978286537384319 
0.02200100572125805037 0.11673264749222564407 0.25723182841004771371 0.08840307095153722428 0.27237679144040832790 0.03099873482054367121 0.09749985580432941890 0.11475606535964998078 
0.00000000099999999944 0.00000000099999999944 0.73461765947844182012 0.00000000099999999944 0.00000000099999999944 0.26538233452155829406 0.00000000099999999944 0.00000000099999999944 
0.00000000099999999949 0.00000000099999999949 0.46841179115452724613 0.00000000099999999949 0.00000000099999999949 0.53158820284547270152 0.00000000099999999949 0.00000000099999999949 
0.00000000099999999945 0.00000000099999999945 0.59583253056148444138 0.00000000099999999945 0.00000000099999999945 0.40416746343851550627 0.00000000099999999945 0.00000000099999999945 
0.00000000099999999945 0.00000000099999999945 0.43504984597010554204 0.00000000099999999945 0.00000000099999999945 0.56495014802989451663 0.00000000099999999945 0.00000000099999999945 
0.00000000099999999938 0.00000000099999999938 0.54350197066791006151 0.00000000099999999938 0.00000000099999999938 0.45649802333208999716 0.00000000099999999938 0.00000000099999999938 
0.00000000099999999949 0.00000000099999999949 0.42664665358866393774 0.00000000099999999949 0.00000000099999999949 0.57335334041133612093 0.00000000099999999949 0.00000000099999999949 
0.00000000099999999951 0.00000000099999999951 0.67952928123542577499 0.00000000099999999951 0.00000000099999999951 0.32047071276457439470 0.00000000099999999951 0.00000000099999999951 
0.00000000099999999945 0.00000000099999999945 0.66006779363348444534 0.00000000099999999945 0.00000000099999999945 0.33993220036651566884 0.00000000099999999945 0.00000000099999999945 
0.00000000099999999945 0.00000000099999999945 0.53473538610496496037 0.00000000099999999945 0.00000000099999999945 0.46526460789503509830 0.00000000099999999945 0.00000000099999999945 
0.00000000099999999947 0.00000000099999999947 0.55986471254321490409 0.00000000099999999947 0.00000000099999999947 0.44013528145678504355 0.00000000099999999947 0.00000000099999999947 
0.00000000099999999947 0.00000000099999999947 0.45562180381456335310 0.00000000099999999947 0.00000000099999999947 0.54437819018543653904 0.00000000099999999947 0.00000000099999999947 
0.00000000099999999944 0.00000000099999999944 0.71486551243091389640 0.00000000099999999944 0.00000000099999999944 0.28513448156908610676 0.00000000099999999944 0.00000000099999999944 
0.00000000099999999958 0.00000000099999999958 0.71894979214215493091 0.00000000099999999958 0.00000000099999999958 0.28105020185784496123 0.00000000099999999958 0.00000000099999999958 
0.00000000099999999948 0.00000000099999999948 0.40261435158878183804 0.00000000099999999948 0.00000000099999999948 0.59738564241121805409 0.00000000099999999948 0.00000000099999999948 
0.00000000099999999951 0.00000000099999999951 0.54253871480275239758 0.00000000099999999951 0.00000000099999999951 0.45746127919724771660 0.00000000099999999951 0.00000000099999999951 
0.00000000099999999945 0.00000000099999999945 0.47010595400454624482 0.00000000099999999945 0.00000000099999999945 0.52989403999545370283 0.00000000099999999945 0.00000000099999999945 
0.00000000099999999982 0.02878255179379641052 0.97121744220620365162 0.00000000099999999982 0.00000000099999999982 0.00000000099999999982 0.00000000099999999982 0.00000000099999999982 
0.00000000099999999981 0.01989979527639536977 0.98010019872360476523 0.00000000099999999981 0.00000000099999999981 0.00000000099999999981 0.00000000099999999981 0.00000000099999999981 
0.00000000099999999947 0.00000000099999999947 0.99999999300000008695 0.00000000099999999947 0.00000000099999999947 0.00000000099999999947 0.00000000099999999947 0.00000000099999999947 
0.00000000099999999985 0.02117464276054827413 0.97882535123945169087 0.00000000099999999985 0.00000000099999999985 0.00000000099999999985 0.00000000099999999985 0.00000000099999999985 
0.00000000099999999952 0.00000000099999999952 0.99999999300000008695 0.00000000099999999952 0.00000000099999999952 0.00000000099999999952 0.00000000099999999952 0.00000000099999999952 
0.00000000099999999986 0.06774401615857117420 0.76108230040921021065 0.00000000099999999986 0.00000000099999999986 0.01483938309269492231 0.00000000099999999986 0.15633429633952361515 
0.00000000099999999980 0.01816994743803867704 0.98183004656196137816 0.00000000099999999980 0.00000000099999999980 0.00000000099999999980 0.00000000099999999980 0.00000000099999999980 
0.00000000099999999983 0.04125467078248858110 0.93108329684689472572 0.00000000099999999983 0.00000000099999999983 0.02766202737061683806 0.00000000099999999983 0.00000000099999999983 
0.00000000099999999979 0.04276998637366052208 0.93461843984719217282 0.00000000099999999979 0.00000000099999999979 0.02261156877914722793 0.00000000099999999979 0.00000000099999999979 
0.00000000099999999980 0.04454953034494853192 0.91895649146297442300 0.00000000099999999980 0.00000000099999999980 0.03649397319207717261 0.00000000099999999980 0.00000000099999999980 
0.00000000099999999971 0.00000000099999999971 0.99022506533964138598 0.00000000099999999971 0.00000000099999999971 0.00977492866035861892 0.00000000099999999971 0.00000000099999999971 
0.00000000099999999980 0.00968818224460247200 0.97524672218666585977 0.00000000099999999980 0.00000000099999999980 0.01506509056873174719 0.00000000099999999980 0.00000000099999999980 
0.00000000099999999979 0.11997531884249122702 0.27431537297116481700 0.00000000099999999979 0.00000000099999999979 0.04755085863717609801 0.00000000099999999979 0.55815844554916782538 
0.00000000099999999981 0.11669409894180980680 0.28032406769279810677 0.00000000099999999981 0.00000000099999999981 0.04519037381918526025 0.00000000099999999981 0.55779145554620668257 
0.00000000099999999978 0.12615092795037960438 0.27369371683842663723 0.00000000099999999978 0.00000000099999999978 0.04417602021938978052 0.00000000099999999978 0.55597933099180385508 
0.00000000099999999988 0.08235783269070511003 0.38154029567253433530 0.00000000099999999988 0.00000000099999999988 0.00000000099999999988 0.00000000099999999988 0.53610186663676040464 
0.00000000099999999985 0.08245570607533313223 0.33677366856009149920 0.00000000099999999985 0.00000000099999999985 0.03705570445303859456 0.00000000099999999985 0.54371491691153683856 
0.00000000099999999988 0.09604841438736778925 0.33551143155090845660 0.00000000099999999988 0.00000000099999999988 0.07055418014751270450 0.00000000099999999988 0.49788596991421102400 
0.00000000099999999989 0.09500002695420325938 0.39381340693360361582 0.00000000099999999989 0.00000000099999999989 0.00000000099999999989 0.00000000099999999989 0.51118656111219307192 
0.00000000099999999994 0.09964060450051480389 0.33598926848199583972 0.00000000099999999994 0.00000000099999999994 0.06530855142516774070 0.00000000099999999994 0.49906157159232167331 
0.00000000099999999988 0.09367504235433110615 0.33528516630599264348 0.00000000099999999988 0.00000000099999999988 0.06403043172703253016 0.00000000099999999988 0.50700935561264370843 
0.00000000099999999998 0.13030427586567175369 0.54450752200302066086 0.01944364654366320666 0.00000000099999999998 0.02845691582490044932 0.00000000099999999998 0.27728763676274398309 
0.00000000099999999991 0.08509208638011903081 0.39063902357675456267 0.00000000099999999991 0.00000000099999999991 0.00000000099999999991 0.00000000099999999991 0.52426888504312629813 
0.00000000099999999953 0.00000000099999999953 0.99999999299999997593 0.00000000099999999953 0.00000000099999999953 0.00000000099999999953 0.00000000099999999953 0.00000000099999999953 
0.00000000099999999968 0.00000000099999999968 0.99999999300000008695 0.00000000099999999968 0.00000000099999999968 0.00000000099999999968 0.00000000099999999968 0.00000000099999999968 
0.00000000099999999963 0.00000000099999999963 0.99999999299999997593 0.00000000099999999963 0.00000000099999999963 0.00000000099999999963 0.00000000099999999963 0.00000000099999999963 
