0.00000000099999999956 0.00000000099999999956 0.00000000099999999956 0.02268198557684822370 0.00000000099999999956 0.97731800742315166897 0.00000000099999999956 0.00000000099999999956 0.00000000099999999956 
0.00000000099999999960 0.00000000099999999960 0.00000000099999999960 0.08472392812722222277 0.00000000099999999960 0.91527606487277779479 0.00000000099999999960 0.00000000099999999960 0.00000000099999999960 
0.00000000099999999967 0.00000000099999999967 0.00000000099999999967 0.06469943791651509846 0.00000000099999999967 0.93530055508348486359 0.00000000099999999967 0.00000000099999999967 0.00000000099999999967 
0.00000000099999999968 0.00000000099999999968 0.00000000099999999968 0.08169216958111127913 0.00000000099999999968 0.91830782341888883558 0.00000000099999999968 0.00000000099999999968 0.00000000099999999968 
0.00000000099999999974 0.00000000099999999974 0.01235495927555838383 0.05600322570345959289 0.00000000099999999974 0.93164180902098192583 0.00000000099999999974 0.00000000099999999974 0.00000000099999999974 
0.00000000099999999977 0.00000000099999999977 0.02350513082683623398 0.08289459951708849639 0.00000000099999999977 0.89360026365607525545 0.00000000099999999977 0.00000000099999999977 0.00000000099999999977 
0.00000000099999999971 0.00000000099999999971 0.00000000099999999971 0.09387593462399095035 0.00000000099999999971 0.90612405837600906722 0.00000000099999999971 0.00000000099999999971 0.00000000099999999971 
0.00000000099999999968 0.00000000099999999968 0.00011282244722328228 0.05056230446643239507 0.00000000099999999968 0.94932486708634444827 0.00000000099999999968 0.00000000099999999968 0.00000000099999999968 
0.00000000099999999963 0.00000000099999999963 0.00000000099999999963 0.08006548092530399452 0.00000000099999999963 0.91993451207469589814 0.00000000099999999963 0.00000000099999999963 0.00000000099999999963 
0.00000000099999999968 0.00000000099999999968 0.00000000099999999968 0.05818623170201359107 0.00000000099999999968 0.94181376129798632935 0.00000000099999999968 0.00000000099999999968 0.00000000099999999968 
0.00000000099999999970 0.00000000099999999970 0.00000000099999999970 0.04367673091495957727 0.00000000099999999970 0.95632326208504037091 0.00000000099999999970 0.00000000099999999970 0.00000000099999999970 
0.00000000099999999976 0.00000000099999999976 0.00630167760042679628 0.06041143648094011998 0.00000000099999999976 0.93328687991863312767 0.00000000099999999976 0.00000000099999999976 0.00000000099999999976 
0.00000000099999999958 0.00000000099999999958 0.00000000099999999958 0.07015983275209176917 0.00000000099999999958 0.92984016024790827615 0.00000000099999999958 0.00000000099999999958 0.00000000099999999958 
0.00000000099999999966 0.00000000099999999966 0.00918501851995790104 0.08151519606915179350 0.00000000099999999966 0.90929977941089046301 0.00000000099999999966 0.00000000099999999966 0.00000000099999999966 
0.00000000099999999950 0.00000000099999999950 0.00000000099999999950 0.00000000099999999950 0.80754635654167994385 0.00000000099999999950 0.19245363645832019861 0.00000000099999999950 0.00000000099999999950 
0.00000000099999999954 0.00000000099999999954 0.00000000099999999954 0.00000000099999999954 0.78492644486423168715 0.00000000099999999954 0.21507354813576837205 0.00000000099999999954 0.00000000099999999954 
0.00000000099999999948 0.00000000099999999948 0.00000000099999999948 0.00000000099999999948 0.81097248845832325959 0.00000000099999999948 0.18902750454167685512 0.00000000099999999948 0.00000000099999999948 
0.00000000099999999957 0.00000000099999999957 0.00000000099999999957 0.00000000099999999957 0.74722614789608277075 0.00000000099999999957 0.25277384510391720518 0.00000000099999999957 0.00000000099999999957 
0.00000000099999999949 0.00000000099999999949 0.00000000099999999949 0.00000000099999999949 0.80389138716047725541 0.00000000099999999949 0.19610860583952285929 0.00000000099999999949 0.00000000099999999949 
0.00000000099999999949 0.00000000099999999949 0.00000000099999999949 0.00000000099999999949 0.80780495163053722685 0.00000000099999999949 0.19219504136946277684 0.00000000099999999949 0.00000000099999999949 
0.00000000099999999966 0.00000000099999999966 0.00000000099999999966 0.00000000099999999966 0.73848728878511005203 0.00000000099999999966 0.26151270421488997941 0.00000000099999999966 0.00000000099999999966 
0.00000000099999999966 0.00000000099999999966 0.00000000099999999966 0.00000000099999999966 0.75944500665589187438 0.00000000099999999966 0.24055498634410804604 0.00000000099999999966 0.00000000099999999966 
0.00000000099999999958 0.00000000099999999958 0.00000000099999999958 0.00000000099999999958 0.77681397531393370226 0.00000000099999999958 0.22318601768606641245 0.00000000099999999958 0.00000000099999999958 
0.00000000099999999949 0.00000000099999999949 0.00000000099999999949 0.00000000099999999949 0.81917867063547356032 0.00000000099999999949 0.18082132236452655438 0.00000000099999999949 0.00000000099999999949 
0.00000000099999999939 0.00000000099999999939 0.00000000099999999939 0.00000000099999999939 0.00000000099999999939 0.00000000099999999939 0.00000000099999999939 0.99999999200000000421 0.00000000099999999939 
0.00000000099999999944 0.00000000099999999944 0.00000000099999999944 0.00000000099999999944 0.00000000099999999944 0.00000000099999999944 0.00000000099999999944 0.99999999199999989319 0.00000000099999999944 
0.00000000099999999937 0.00000000099999999937 0.00000000099999999937 0.00000000099999999937 0.00000000099999999937 0.00000000099999999937 0.00000000099999999937 0.99999999200000000421 0.00000000099999999937 
0.00000000099999999952 0.00000000099999999952 0.00000000099999999952 0.00000000099999999952 0.00000000099999999952 0.00000000099999999952 0.00000000099999999952 0.99999999199999989319 0.00000000099999999952 
0.00000000099999999941 0.00000000099999999941 0.00000000099999999941 0.00000000099999999941 0.00000000099999999941 0.00000000099999999941 0.00000000099999999941 0.99999999199999989319 0.00000000099999999941 
0.00000000099999999928 0.00000000099999999928 0.00000000099999999928 0.00000000099999999928 0.00000000099999999928 0.00000000099999999928 0.00000000099999999928 0.99999999200000000421 0.00000000099999999928 
0.00000000099999999940 0.00000000099999999940 0.00000000099999999940 0.00000000099999999940 0.00000000099999999940 0.00000000099999999940 0.00000000099999999940 0.99999999200000000421 0.00000000099999999940 
0.00000000099999999962 0.00000000099999999962 0.00000000099999999962 0.00000000099999999962 0.00000000099999999962 0.00000000099999999962 0.02288142499225283635 0.97711856800774721243 0.00000000099999999962 
0.00000000099999999956 0.00000000099999999956 0.00000000099999999956 0.00000000099999999956 0.00000000099999999956 0.00000000099999999956 0.02367701417800037456 0.97632297882199958750 0.00000000099999999956 
0.00000000099999999960 0.00000000099999999960 0.00000000099999999960 0.00000000099999999960 0.00000000099999999960 0.00000000099999999960 0.02364655545422706187 0.97635343754577286202 0.00000000099999999960 
0.00000000099999999942 0.00000000099999999942 0.00000000099999999942 0.00000000099999999942 0.00000000099999999942 0.00000000099999999942 0.00000000099999999942 0.99999999200000000421 0.00000000099999999942 
0.00000000099999999902 0.00000000099999999902 0.00000000099999999902 0.00000000099999999902 0.00000000099999999902 0.00000000099999999902 0.00000000099999999902 0.00000000099999999902 0.99999999199999989319 
0.00000000099999999901 0.00000000099999999901 0.00000000099999999901 0.00000000099999999901 0.00000000099999999901 0.00000000099999999901 0.00000000099999999901 0.00000000099999999901 0.99999999200000000421 
0.00000000099999999886 0.00000000099999999886 0.00000000099999999886 0.00000000099999999886 0.00000000099999999886 0.00000000099999999886 0.00000000099999999886 0.00000000099999999886 0.99999999200000000421 
0.00000000099999999898 0.00000000099999999898 0.00000000099999999898 0.00000000099999999898 0.00000000099999999898 0.00000000099999999898 0.00000000099999999898 0.00000000099999999898 0.99999999199999989319 
0.00000000099999999893 0.00000000099999999893 0.00000000099999999893 0.00000000099999999893 0.00000000099999999893 0.00000000099999999893 0.00000000099999999893 0.00000000099999999893 0.99999999199999989319 
0.00000000099999999884 0.00000000099999999884 0.00000000099999999884 0.00000000099999999884 0.00000000099999999884 0.00000000099999999884 0.00000000099999999884 0.00000000099999999884 0.99999999199999989319 
0.00000000099999999889 0.00000000099999999889 0.00000000099999999889 0.00000000099999999889 0.00000000099999999889 0.00000000099999999889 0.00000000099999999889 0.00000000099999999889 0.99999999199999989319 
0.00000000099999999903 0.00000000099999999903 0.00000000099999999903 0.00000000099999999903 0.00000000099999999903 0.00000000099999999903 0.00000000099999999903 0.00000000099999999903 0.99999999200000000421 
0.00000000099999999879 0.00000000099999999879 0.00000000099999999879 0.00000000099999999879 0.00000000099999999879 0.00000000099999999879 0.00000000099999999879 0.00000000099999999879 0.99999999200000000421 
0.00000000099999999882 0.00000000099999999882 0.00000000099999999882 0.00000000099999999882 0.00000000099999999882 0.00000000099999999882 0.00000000099999999882 0.00000000099999999882 0.99999999200000000421 
0.00000000099999999892 0.00000000099999999892 0.00000000099999999892 0.00000000099999999892 0.00000000099999999892 0.00000000099999999892 0.00000000099999999892 0.00000000099999999892 0.99999999199999989319 
0.00000000099999999903 0.00000000099999999903 0.00000000099999999903 0.00000000099999999903 0.00000000099999999903 0.00000000099999999903 0.99999999200000000421 0.00000000099999999903 0.00000000099999999903 
0.00000000099999999910 0.00000000099999999910 0.00000000099999999910 0.00000000099999999910 0.00000000099999999910 0.00000000099999999910 0.99999999200000000421 0.00000000099999999910 0.00000000099999999910 
0.00000000099999999908 0.00000000099999999908 0.00000000099999999908 0.00000000099999999908 0.00000000099999999908 0.00000000099999999908 0.99999999199999989319 0.00000000099999999908 0.00000000099999999908 
0.00000000099999999914 0.00000000099999999914 0.00000000099999999914 0.00000000099999999914 0.00000000099999999914 0.00000000099999999914 0.99999999200000000421 0.00000000099999999914 0.00000000099999999914 
0.00000000099999999906 0.00000000099999999906 0.00000000099999999906 0.00000000099999999906 0.00000000099999999906 0.00000000099999999906 0.99999999199999989319 0.00000000099999999906 0.00000000099999999906 
0.00000000099999999921 0.00000000099999999921 0.00000000099999999921 0.00000000099999999921 0.00000000099999999921 0.00000000099999999921 0.99999999200000000421 0.00000000099999999921 0.00000000099999999921 
0.00000000099999999910 0.00000000099999999910 0.00000000099999999910 0.00000000099999999910 0.00000000099999999910 0.00000000099999999910 0.99999999199999989319 0.00000000099999999910 0.00000000099999999910 
0.00000000099999999914 0.00000000099999999914 0.00000000099999999914 0.00000000099999999914 0.00000000099999999914 0.00000000099999999914 0.99999999199999989319 0.00000000099999999914 0.00000000099999999914 
0.00000000099999999907 0.00000000099999999907 0.00000000099999999907 0.00000000099999999907 0.00000000099999999907 0.00000000099999999907 0.99999999200000000421 0.00000000099999999907 0.00000000099999999907 
0.00000000099999999907 0.00000000099999999907 0.00000000099999999907 0.00000000099999999907 0.00000000099999999907 0.00000000099999999907 0.99999999199999989319 0.00000000099999999907 0.00000000099999999907 
0.00000000099999999907 0.00000000099999999907 0.00000000099999999907 0.00000000099999999907 0.00000000099999999907 0.00000000099999999907 0.99999999199999989319 0.00000000099999999907 0.00000000099999999907 
0.00000000099999999902 0.00000000099999999902 0.00000000099999999902 0.00000000099999999902 0.00000000099999999902 0.00000000099999999902 0.99999999200000000421 0.00000000099999999902 0.00000000099999999902 
0.00000000099999999910 0.00000000099999999910 0.00000000099999999910 0.00000000099999999910 0.00000000099999999910 0.00000000099999999910 0.99999999199999989319 0.00000000099999999910 0.00000000099999999910 
0.00000000099999999907 0.00000000099999999907 0.00000000099999999907 0.00000000099999999907 0.00000000099999999907 0.00000000099999999907 0.99999999200000000421 0.00000000099999999907 0.00000000099999999907 
0.00000000099999999898 0.00000000099999999898 0.00000000099999999898 0.00000000099999999898 0.00000000099999999898 0.00000000099999999898 0.99999999199999989319 0.00000000099999999898 0.00000000099999999898 
0.00000000099999999927 0.00000000099999999927 0.00000000099999999927 0.00000000099999999927 0.00000000099999999927 0.00000000099999999927 0.99999999199999989319 0.00000000099999999927 0.00000000099999999927 
0.00000000099999999907 0.00000000099999999907 0.00000000099999999907 0.00000000099999999907 0.00000000099999999907 0.00000000099999999907 0.99999999199999989319 0.00000000099999999907 0.00000000099999999907 
0.00000000099999999904 0.00000000099999999904 0.00000000099999999904 0.00000000099999999904 0.00000000099999999904 0.00000000099999999904 0.99999999199999989319 0.00000000099999999904 0.00000000099999999904 
0.00000000099999999956 0.00000000099999999956 0.00000000099999999956 0.00000000099999999956 0.00000000099999999956 0.00000000099999999956 0.00000000099999999956 0.99999999200000000421 0.00000000099999999956 
0.00000000099999999923 0.00000000099999999923 0.00000000099999999923 0.00000000099999999923 0.00000000099999999923 0.00000000099999999923 0.00000000099999999923 0.99999999200000000421 0.00000000099999999923 
0.22337641293486959482 0.00371888660302383033 0.00000000099999999980 0.00000000099999999980 0.50572427465613545294 0.00000000099999999980 0.00000000099999999980 0.00301138792422356869 0.26416903388174772793 
0.22717061473953006900 0.00457976786693547154 0.00000000099999999988 0.00000000099999999988 0.51269443984075013798 0.00000000099999999988 0.00000000099999999988 0.00005896650566578215 0.25549620704711861752 
0.22917948358333875558 0.00099065677478975419 0.00000000099999999977 0.00000000099999999977 0.50178428149703613315 0.00000000099999999977 0.00000000099999999977 0.01038829265930760887 0.25765728148552774490 
0.00000000099999999985 0.05207699686399519523 0.00000000099999999985 0.00000000099999999985 0.75862854109511945744 0.00000000099999999985 0.14287608106507451722 0.04641837597581094377 0.00000000099999999985 
0.00000000099999999975 0.05758203490831518417 0.00000000099999999975 0.00000000099999999975 0.68510543716077609844 0.00000000099999999975 0.25731252193090869973 0.00000000099999999975 0.00000000099999999975 
0.00000000099999999967 0.07147420891411367105 0.00000000099999999967 0.00000000099999999967 0.70571857401401583143 0.00000000099999999967 0.20799365551090329141 0.01481355656096729548 0.00000000099999999967 
0.00000000099999999952 0.00000000099999999952 0.00000000099999999952 0.00000000099999999952 0.82160579091411911623 0.00000000099999999952 0.17839420208588091521 0.00000000099999999952 0.00000000099999999952 
0.00000000099999999951 0.00000000099999999951 0.00000000099999999951 0.00000000099999999951 0.89616686348590668398 0.00000000099999999951 0.10383312951409329195 0.00000000099999999951 0.00000000099999999951 
0.00000000099999999945 0.00000000099999999945 0.00000000099999999945 0.00000000099999999945 0.82573276512548476891 0.00000000099999999945 0.17426722787451537355 0.00000000099999999945 0.00000000099999999945 
0.00000000099999999944 0.00000000099999999944 0.00000000099999999944 0.00000000099999999944 0.82103500892828007451 0.00000000099999999944 0.17896498407172001244 0.00000000099999999944 0.00000000099999999944 
0.00000000099999999948 0.00000000099999999948 0.00000000099999999948 0.00000000099999999948 0.83967051381195934034 0.00000000099999999948 0.16032947918804077436 0.00000000099999999948 0.00000000099999999948 
0.00000000099999999975 0.00000000099999999975 0.00000000099999999975 0.01174675836926870193 0.77326116266890221329 0.00000000099999999975 0.21499207296182903937 0.00000000099999999975 0.00000000099999999975 
0.00000000099999999952 0.00000000099999999952 0.00000000099999999952 0.00000000099999999952 0.85592918817587837488 0.00000000099999999952 0.14407080482412165656 0.00000000099999999952 0.00000000099999999952 
0.00000000099999999948 0.00000000099999999948 0.00000000099999999948 0.00000000099999999948 0.73774602312739256949 0.00000000099999999948 0.26225396987260746196 0.00000000099999999948 0.00000000099999999948 
0.00000000099999999955 0.00000000099999999955 0.00000000099999999955 0.00000000099999999955 0.81119196827820450046 0.00000000099999999955 0.18880802472179558649 0.00000000099999999955 0.00000000099999999955 
0.00000000099999999958 0.00000000099999999958 0.00000000099999999958 0.00000000099999999958 0.81024943179606756516 0.00000000099999999958 0.18975056120393243853 0.00000000099999999958 0.00000000099999999958 
0.00000000099999999959 0.00000000099999999959 0.00000000099999999959 0.00000000099999999959 0.80041562643224273277 0.00000000099999999959 0.19958436656775727092 0.00000000099999999959 0.00000000099999999959 
0.00000000099999999956 0.00000000099999999956 0.00000000099999999956 0.00000000099999999956 0.77615829347974496510 0.00000000099999999956 0.22384169952025506634 0.00000000099999999956 0.00000000099999999956 
0.00000000099999999990 0.00616472573662049314 0.00000000099999999990 0.00000000099999999990 0.74572152915693867836 0.01577714054765883694 0.04243780886900757471 0.18989879168977433221 0.00000000099999999990 
0.00000000099999999987 0.00000000099999999987 0.00000000099999999987 0.00000000099999999987 0.79648523030011153523 0.00000000099999999987 0.08358584695934187514 0.11932660137926554000 0.00060231636128105258 
0.00000000099999999987 0.00000000099999999987 0.00000000099999999987 0.00000000099999999987 0.73867717518100373120 0.00000000099999999987 0.13861289793496336942 0.12270992088403279152 0.00000000099999999987 
0.00000000099999999990 0.00000000099999999990 0.00000000099999999990 0.01490843880000160097 0.60425358271982432257 0.00000000099999999990 0.04394459801474056432 0.32119927805856274272 0.01569409840687082183 
0.00000000099999999993 0.00000000099999999993 0.00000000099999999993 0.00488925466337507535 0.65538726600706875836 0.00000000099999999993 0.02169392783643465591 0.31437374981815346953 0.00365579767496803385 
0.01872247323006926215 0.00000000099999999996 0.00000000099999999996 0.00000000099999999996 0.76304611948777556485 0.02801808608278376703 0.09335449485370332645 0.08621873928114272279 0.01064008406452537567 
0.00000000099999999990 0.00000000099999999990 0.00000000099999999990 0.01534526531650126646 0.61038424438366267744 0.00000000099999999990 0.03625287940557634508 0.32793807244561085090 0.01007953444864895763 
0.00000000099999999994 0.00000000099999999994 0.00000000099999999994 0.00000000099999999994 0.81222688220228300704 0.00000000099999999994 0.11715953796331871062 0.07061357383439817448 0.00000000099999999994 
0.00000000099999999912 0.00000000099999999912 0.00000000099999999912 0.00000000099999999912 0.00000000099999999912 0.99999999200000011523 0.00000000099999999912 0.00000000099999999912 0.00000000099999999912 
0.00000000099999999904 0.00000000099999999904 0.00000000099999999904 0.00000000099999999904 0.00000000099999999904 0.99999999200000000421 0.00000000099999999904 0.00000000099999999904 0.00000000099999999904 
0.00000000099999999901 0.00000000099999999901 0.00000000099999999901 0.00000000099999999901 0.00000000099999999901 0.99999999200000011523 0.00000000099999999901 0.00000000099999999901 0.00000000099999999901 
0.00000000099999999905 0.00000000099999999905 0.00000000099999999905 0.00000000099999999905 0.00000000099999999905 0.99999999200000011523 0.00000000099999999905 0.00000000099999999905 0.00000000099999999905 
0.00000000099999999902 0.00000000099999999902 0.00000000099999999902 0.00000000099999999902 0.00000000099999999902 0.99999999200000011523 0.00000000099999999902 0.00000000099999999902 0.00000000099999999902 
0.00000000099999999902 0.00000000099999999902 0.00000000099999999902 0.00000000099999999902 0.00000000099999999902 0.99999999200000000421 0.00000000099999999902 0.00000000099999999902 0.00000000099999999902 
0.00000000099999999903 0.00000000099999999903 0.00000000099999999903 0.00000000099999999903 0.00000000099999999903 0.99999999200000011523 0.00000000099999999903 0.00000000099999999903 0.00000000099999999903 
0.00000000099999999900 0.00000000099999999900 0.00000000099999999900 0.00000000099999999900 0.00000000099999999900 0.99999999200000011523 0.00000000099999999900 0.00000000099999999900 0.00000000099999999900 
0.00000000099999999897 0.00000000099999999897 0.00000000099999999897 0.00000000099999999897 0.00000000099999999897 0.99999999199999989319 0.00000000099999999897 0.00000000099999999897 0.00000000099999999897 
0.00000000099999999894 0.00000000099999999894 0.00000000099999999894 0.00000000099999999894 0.00000000099999999894 0.99999999200000000421 0.00000000099999999894 0.00000000099999999894 0.00000000099999999894 
0.00000000099999999908 0.00000000099999999908 0.00000000099999999908 0.00000000099999999908 0.00000000099999999908 0.99999999200000011523 0.00000000099999999908 0.00000000099999999908 0.00000000099999999908 
0.00000000099999999908 0.00000000099999999908 0.00000000099999999908 0.00000000099999999908 0.00000000099999999908 0.99999999200000011523 0.00000000099999999908 0.00000000099999999908 0.00000000099999999908 
0.00000000099999999904 0.00000000099999999904 0.00000000099999999904 0.00000000099999999904 0.00000000099999999904 0.99999999200000000421 0.00000000099999999904 0.00000000099999999904 0.00000000099999999904 
0.00000000099999999909 0.00000000099999999909 0.00000000099999999909 0.00000000099999999909 0.00000000099999999909 0.99999999200000011523 0.00000000099999999909 0.00000000099999999909 0.00000000099999999909 
0.00000000099999999929 0.00000000099999999929 0.00000000099999999929 0.00000000099999999929 0.00000000099999999929 0.99999999200000000421 0.00000000099999999929 0.00000000099999999929 0.00000000099999999929 
0.00000000099999999909 0.00000000099999999909 0.00000000099999999909 0.00000000099999999909 0.00000000099999999909 0.99999999200000011523 0.00000000099999999909 0.00000000099999999909 0.00000000099999999909 
0.00000000099999999996 0.01574628838168875417 0.00000000099999999996 0.01153717327530305072 0.76488140670899440465 0.00630317907823650832 0.07230494203179307910 0.11458774489503560645 0.01463926362894871040 
0.00000000099999999963 0.00000000099999999963 0.00000000099999999963 0.00000000099999999963 0.73643894290514522183 0.00000000099999999963 0.26356105009485475410 0.00000000099999999963 0.00000000099999999963 
0.00000000099999999982 0.00000000099999999982 0.00000000099999999982 0.00000000099999999982 0.74229185027935284946 0.00000000099999999982 0.25770814272064723749 0.00000000099999999982 0.00000000099999999982 
0.00000000099999999967 0.00000000099999999967 0.00000000099999999967 0.00000000099999999967 0.23216534738397098803 0.00000000099999999967 0.00000000099999999967 0.76783464561602898790 0.00000000099999999967 
0.00000000099999999976 0.59733151280457752463 0.00000000099999999976 0.00000000099999999976 0.13649153474758554672 0.00000000099999999976 0.00000000099999999976 0.26617694644783707059 0.00000000099999999976 
0.00000000099999999970 0.00000000099999999970 0.00000000099999999970 0.00000000099999999970 0.22691587853776279404 0.00000000099999999970 0.00000000099999999970 0.77308411446223723740 0.00000000099999999970 
0.00000000099999999972 0.00000000099999999972 0.00000000099999999972 0.00000000099999999972 0.18369481542182133915 0.00000000099999999972 0.00000000099999999972 0.81630517757817855351 0.00000000099999999972 
0.00000000099999999976 0.00000000099999999976 0.00000000099999999976 0.00000000099999999976 0.27294006966858369578 0.00000000099999999976 0.00000000099999999976 0.72705992333141622463 0.00000000099999999976 
0.00000000099999999980 0.00000000099999999980 0.00000000099999999980 0.00000000099999999980 0.28600559133318237404 0.00000000099999999980 0.00000000099999999980 0.71399440166681760189 0.00000000099999999980 
0.00000000099999999897 0.00000000099999999897 0.00000000099999999897 0.99999999200000000421 0.00000000099999999897 0.00000000099999999897 0.00000000099999999897 0.00000000099999999897 0.00000000099999999897 
0.00000000099999999884 0.00000000099999999884 0.00000000099999999884 0.99999999199999989319 0.00000000099999999884 0.00000000099999999884 0.00000000099999999884 0.00000000099999999884 0.00000000099999999884 
0.00000000099999999883 0.00000000099999999883 0.00000000099999999883 0.99999999199999989319 0.00000000099999999883 0.00000000099999999883 0.00000000099999999883 0.00000000099999999883 0.00000000099999999883 
0.00000000099999999876 0.00000000099999999876 0.00000000099999999876 0.99999999200000000421 0.00000000099999999876 0.00000000099999999876 0.00000000099999999876 0.00000000099999999876 0.00000000099999999876 
0.00000000099999999873 0.00000000099999999873 0.00000000099999999873 0.99999999199999989319 0.00000000099999999873 0.00000000099999999873 0.00000000099999999873 0.00000000099999999873 0.00000000099999999873 
0.00000000099999999885 0.00000000099999999885 0.00000000099999999885 0.99999999200000000421 0.00000000099999999885 0.00000000099999999885 0.00000000099999999885 0.00000000099999999885 0.00000000099999999885 
0.00000000099999999878 0.00000000099999999878 0.00000000099999999878 0.99999999199999989319 0.00000000099999999878 0.00000000099999999878 0.00000000099999999878 0.00000000099999999878 0.00000000099999999878 
0.00000000099999999882 0.00000000099999999882 0.00000000099999999882 0.99999999200000000421 0.00000000099999999882 0.00000000099999999882 0.00000000099999999882 0.00000000099999999882 0.00000000099999999882 
0.00000000099999999905 0.00000000099999999905 0.00000000099999999905 0.99999999200000011523 0.00000000099999999905 0.00000000099999999905 0.00000000099999999905 0.00000000099999999905 0.00000000099999999905 
0.00000000099999999880 0.00000000099999999880 0.00000000099999999880 0.99999999199999989319 0.00000000099999999880 0.00000000099999999880 0.00000000099999999880 0.00000000099999999880 0.00000000099999999880 
0.00000000099999999871 0.00000000099999999871 0.00000000099999999871 0.99999999200000000421 0.00000000099999999871 0.00000000099999999871 0.00000000099999999871 0.00000000099999999871 0.00000000099999999871 
0.00000000099999999879 0.00000000099999999879 0.00000000099999999879 0.99999999199999989319 0.00000000099999999879 0.00000000099999999879 0.00000000099999999879 0.00000000099999999879 0.00000000099999999879 
0.99999999200000011523 0.00000000099999999876 0.00000000099999999876 0.00000000099999999876 0.00000000099999999876 0.00000000099999999876 0.00000000099999999876 0.00000000099999999876 0.00000000099999999876 
0.99999999200000011523 0.00000000099999999849 0.00000000099999999849 0.00000000099999999849 0.00000000099999999849 0.00000000099999999849 0.00000000099999999849 0.00000000099999999849 0.00000000099999999849 
0.99999999200000011523 0.00000000099999999881 0.00000000099999999881 0.00000000099999999881 0.00000000099999999881 0.00000000099999999881 0.00000000099999999881 0.00000000099999999881 0.00000000099999999881 
0.99999999200000011523 0.00000000099999999857 0.00000000099999999857 0.00000000099999999857 0.00000000099999999857 0.00000000099999999857 0.00000000099999999857 0.00000000099999999857 0.00000000099999999857 
0.99999999200000011523 0.00000000099999999864 0.00000000099999999864 0.00000000099999999864 0.00000000099999999864 0.00000000099999999864 0.00000000099999999864 0.00000000099999999864 0.00000000099999999864 
0.99999999200000011523 0.00000000099999999862 0.00000000099999999862 0.00000000099999999862 0.00000000099999999862 0.00000000099999999862 0.00000000099999999862 0.00000000099999999862 0.00000000099999999862 
0.99999999200000022626 0.00000000099999999940 0.00000000099999999940 0.00000000099999999940 0.00000000099999999940 0.00000000099999999940 0.00000000099999999940 0.00000000099999999940 0.00000000099999999940 
0.99999999200000011523 0.00000000099999999864 0.00000000099999999864 0.00000000099999999864 0.00000000099999999864 0.00000000099999999864 0.00000000099999999864 0.00000000099999999864 0.00000000099999999864 
0.99999999200000011523 0.00000000099999999866 0.00000000099999999866 0.00000000099999999866 0.00000000099999999866 0.00000000099999999866 0.00000000099999999866 0.00000000099999999866 0.00000000099999999866 
0.99999999200000000421 0.00000000099999999873 0.00000000099999999873 0.00000000099999999873 0.00000000099999999873 0.00000000099999999873 0.00000000099999999873 0.00000000099999999873 0.00000000099999999873 
0.99999999200000011523 0.00000000099999999866 0.00000000099999999866 0.00000000099999999866 0.00000000099999999866 0.00000000099999999866 0.00000000099999999866 0.00000000099999999866 0.00000000099999999866 
0.00000000099999999937 0.45753007359350833516 0.00000000099999999937 0.00000000099999999937 0.00000000099999999937 0.00000000099999999937 0.00000000099999999937 0.54246991940649136321 0.00000000099999999937 
0.00000000099999999939 0.64908560412399785022 0.00000000099999999939 0.00000000099999999939 0.00000000099999999939 0.00000000099999999939 0.00000000099999999939 0.35091438887600218122 0.00000000099999999939 
0.00000000099999999941 0.66300920993005019177 0.00000000099999999941 0.00000000099999999941 0.00000000099999999941 0.00000000099999999941 0.00000000099999999941 0.33699078306994989518 0.00000000099999999941 
0.00000000099999999940 0.31101262160318238204 0.00000000099999999940 0.00000000099999999940 0.00000000099999999940 0.00000000099999999940 0.00000000099999999940 0.68898737139681731634 0.00000000099999999940 
0.00000000099999999936 0.69973001184573635491 0.00000000099999999936 0.00000000099999999936 0.00000000099999999936 0.00000000099999999936 0.00000000099999999936 0.30026998115426373204 0.00000000099999999936 
0.00000000099999999934 0.64015661701998660682 0.00000000099999999934 0.00000000099999999934 0.00000000099999999934 0.00000000099999999934 0.00000000099999999934 0.35984337598001359115 0.00000000099999999934 
0.00000000099999999850 0.99999999200000011523 0.00000000099999999850 0.00000000099999999850 0.00000000099999999850 0.00000000099999999850 0.00000000099999999850 0.00000000099999999850 0.00000000099999999850 
0.00000000099999999936 0.84625337970502989560 0.00000000099999999936 0.00000000099999999936 0.00000000099999999936 0.00000000099999999936 0.00000000099999999936 0.15374661329497035789 0.00000000099999999936 
0.00000000099999999939 0.77827949171682297980 0.00000000099999999939 0.00000000099999999939 0.00000000099999999939 0.00000000099999999939 0.00000000099999999939 0.22172050128317710715 0.00000000099999999939 
0.00000000099999999938 0.30360449327807498276 0.00000000099999999938 0.00000000099999999938 0.00000000099999999938 0.00000000099999999938 0.00000000099999999938 0.69639549972192471561 0.00000000099999999938 
0.00000000099999999939 0.78327782615293151114 0.00000000099999999939 0.00000000099999999939 0.00000000099999999939 0.00000000099999999939 0.00000000099999999939 0.21672216684706860357 0.00000000099999999939 
0.00000000099999999934 0.54851127216539652398 0.00000000099999999934 0.00000000099999999934 0.00000000099999999934 0.00000000099999999934 0.00000000099999999934 0.45148872083460367399 0.00000000099999999934 
0.00000000099999999938 0.26059420372016878220 0.00000000099999999938 0.00000000099999999938 0.00000000099999999938 0.00000000099999999938 0.00000000099999999938 0.73940578927983113822 0.00000000099999999938 
0.00000000099999999935 0.49365163972575987206 0.00000000099999999935 0.00000000099999999935 0.00000000099999999935 0.00000000099999999935 0.00000000099999999935 0.50634835327423988183 0.00000000099999999935 
0.00000000099999999939 0.74406557306653264838 0.00000000099999999939 0.00000000099999999939 0.00000000099999999939 0.00000000099999999939 0.00000000099999999939 0.25593441993346749408 0.00000000099999999939 
0.00000000099999999938 0.56434436158347045520 0.00000000099999999938 0.00000000099999999938 0.00000000099999999938 0.00000000099999999938 0.00000000099999999938 0.43565563141652952073 0.00000000099999999938 
0.00000000099999999997 0.10164498865973051189 0.00000000099999999997 0.00145088500438665603 0.77877346684666148846 0.00900048621100441905 0.02856723595532595361 0.06108506633349737591 0.01947786898939359718 
0.00000000099999999994 0.06669399388693782182 0.00000000099999999994 0.00000000099999999994 0.82994580564774855791 0.02676576630441188792 0.00000000099999999994 0.06454825544838790896 0.01204617471251391396 
0.00000000099999999997 0.07072285140918818658 0.00000000099999999997 0.00000000099999999997 0.79108845085949708320 0.00000000099999999997 0.00555364562931313921 0.12255567606152918680 0.01007937204047246529 
0.01277033412387511280 0.08555646681590291236 0.00000000099999999994 0.00000000099999999994 0.84485902065861506749 0.00000000099999999994 0.04817247180150809049 0.00000000099999999994 0.00864170260009893519 
0.00000000099999999988 0.11414349340628648921 0.00000000099999999988 0.00000000099999999988 0.78288752397396699223 0.00000000099999999988 0.03742730163189388753 0.06554167598785259896 0.00000000099999999988 
0.00000000099999999998 0.07820627869118432218 0.00958865150627484161 0.00000000099999999998 0.84583064214199732422 0.00000000099999999998 0.03915791139200389126 0.02594658810076920508 0.00126992516777047208 
0.01138790229207844139 0.07956554011637188839 0.00000000099999999995 0.00000000099999999995 0.88065145054695093130 0.00378567481952146517 0.00678672421648672964 0.01477080608639204200 0.00305189992219839128 
0.00000000099999999999 0.04115603960849248399 0.00000000099999999999 0.00472144596997980427 0.83571079687802429792 0.02757180473343364552 0.01552288565117478265 0.04932887819727311413 0.02598814696162175114 
0.02128394314468682463 0.07065846365380784588 0.00000000099999999997 0.00000000099999999997 0.88466698162539014749 0.00710306608429737453 0.00000131571354516291 0.01628622677827252715 0.00000000099999999997 
0.01023853662675544215 0.06292654132363370567 0.00000000099999999997 0.00812141931259505179 0.82625400335840781807 0.00000000099999999997 0.03137396308723933852 0.05997225977122020574 0.00111327452014845906 
0.00000000099999999995 0.13610636016452759556 0.00000000099999999995 0.00000000099999999995 0.75996251710150342085 0.00000000099999999995 0.00279615837047222753 0.07559646262778808856 0.02553849773570851175 
0.00115029144095217290 0.06039219504175500491 0.00000000099999999996 0.00000000099999999996 0.81147449900942569823 0.00301154836952068549 0.03716748058328515902 0.06454229494507990328 0.02226168860998145593 
0.01176436417514914977 0.01068952620139809045 0.00000000100000000000 0.11687445650336598935 0.45017121092468820320 0.34512911161493170509 0.00320933642864741110 0.00002670474254252266 0.06213528840927670660 
0.00449085953428430499 0.00000000099999999999 0.01428159801884117987 0.09197715088185058618 0.43372259860514089658 0.35160935069584087209 0.01080959338036777302 0.00000000099999999999 0.09310884688367439266 
0.02239599514797570648 0.00000000099999999999 0.00000000099999999999 0.11802130596708747257 0.41355370057828155783 0.30300714779999143866 0.00000000099999999999 0.03420799307307278297 0.10881385443359097021 
0.00874094795933854155 0.00000000099999999999 0.02310122047836959958 0.11127107361673943542 0.47530075885654204937 0.32777851944388219918 0.00014256374979371622 0.00000000099999999999 0.05366491389533460665 
0.00000021366151985175 0.00366486703872870344 0.02099246425431342336 0.11230474526382150380 0.45476703138955681949 0.31794426677410347892 0.00000000100000000000 0.01207404026662979059 0.07825237035132653896 
0.01277472400452627985 0.01816106144608743006 0.03377532014906774183 0.09733000518357022568 0.41648122018492295116 0.31034901445596352332 0.00003407564427004971 0.01938495455771940823 0.09170962437387232546 
0.00000000099999999935 0.23752556267841284932 0.00000000099999999935 0.00000000099999999935 0.00000000099999999935 0.00000000099999999935 0.00000000099999999935 0.76247443032158701559 0.00000000099999999935 
0.00000000099999999939 0.49617182931719300276 0.00000000099999999939 0.00000000099999999939 0.00000000099999999939 0.00000000099999999939 0.00000000099999999939 0.50382816368280669561 0.00000000099999999939 
0.00000000099999999939 0.38140222422717656725 0.00000000099999999939 0.00000000099999999939 0.00000000099999999939 0.00000000099999999939 0.00000000099999999939 0.61859776877282324214 0.00000000099999999939 
0.00000000099999999936 0.53268891331612000517 0.00000000099999999936 0.00000000099999999936 0.00000000099999999936 0.00000000099999999936 0.00000000099999999936 0.46731107968388008178 0.00000000099999999936 
0.00000000099999999930 0.42516148419064769826 0.00000000099999999930 0.00000000099999999930 0.00000000099999999930 0.00000000099999999930 0.00000000099999999930 0.57483850880935205563 0.00000000099999999930 
0.00000000099999999940 0.54041191608000349600 0.00000000099999999940 0.00000000099999999940 0.00000000099999999940 0.00000000099999999940 0.00000000099999999940 0.45958807691999659095 0.00000000099999999940 
0.00000000099999999943 0.29449229614255201248 0.00000000099999999943 0.00000000099999999943 0.00000000099999999943 0.00000000099999999943 0.00000000099999999943 0.70550769685744774140 0.00000000099999999943 
0.00000000099999999936 0.30631516766906841109 0.00000000099999999936 0.00000000099999999936 0.00000000099999999936 0.00000000099999999936 0.00000000099999999936 0.69368482533093134279 0.00000000099999999936 
0.00000000099999999936 0.42734656835905215910 0.00000000099999999936 0.00000000099999999936 0.00000000099999999936 0.00000000099999999936 0.00000000099999999936 0.57265342464094759478 0.00000000099999999936 
0.00000000099999999938 0.41529972969880585287 0.00000000099999999938 0.00000000099999999938 0.00000000099999999938 0.00000000099999999938 0.00000000099999999938 0.58470026330119395652 0.00000000099999999938 
0.00000000099999999941 0.51116762127647485947 0.00000000099999999941 0.00000000099999999941 0.00000000099999999941 0.00000000099999999941 0.00000000099999999941 0.48883237172352539401 0.00000000099999999941 
0.00000000099999999934 0.25582668786881951339 0.00000000099999999934 0.00000000099999999934 0.00000000099999999934 0.00000000099999999934 0.00000000099999999934 0.74417330513118018498 0.00000000099999999934 
0.00000000099999999955 0.25780279190666921529 0.00000000099999999955 0.00000000099999999955 0.00000000099999999955 0.00000000099999999955 0.00000000099999999955 0.74219720109333053859 0.00000000099999999955 
0.00000000099999999939 0.56169257168813946368 0.00000000099999999939 0.00000000099999999939 0.00000000099999999939 0.00000000099999999939 0.00000000099999999939 0.43830742131186062327 0.00000000099999999939 
0.00000000099999999943 0.43800685789385956914 0.00000000099999999943 0.00000000099999999943 0.00000000099999999943 0.00000000099999999943 0.00000000099999999943 0.56199313510614012923 0.00000000099999999943 
0.00000000099999999936 0.50806233752152651917 0.00000000099999999936 0.00000000099999999936 0.00000000099999999936 0.00000000099999999936 0.00000000099999999936 0.49193765547847356778 0.00000000099999999936 
0.00000000099999999970 0.00000000099999999970 0.00000000099999999970 0.00000000099999999970 0.41434591563206812914 0.00000000099999999970 0.00000000099999999970 0.58565407736793162474 0.00000000099999999970 
0.00000000099999999970 0.00000000099999999970 0.00000000099999999970 0.00000000099999999970 0.40074934340155166090 0.00000000099999999970 0.00000000099999999970 0.59925064959844831503 0.00000000099999999970 
