0.71442924729132706307 0.00000000099999999962 0.00000000099999999962 0.23106884741976432829 0.00000000099999999962 0.00000000099999999962 0.00000000099999999962 0.00000000099999999962 0.00000000099999999962 0.05450189828890881355 
0.69448842247969466701 0.00000000099999999965 0.00000000099999999965 0.19300977864052373811 0.00000000099999999965 0.00000000099999999965 0.00000000099999999965 0.00000000099999999965 0.00000000099999999965 0.11250179187978162632 
0.70590214756085101211 0.00000000099999999970 0.00000000099999999970 0.19721903628601142322 0.00000000099999999970 0.00000000099999999970 0.00000000099999999970 0.00000000099999999970 0.00000000099999999970 0.09687880915313772101 
0.68833067705538331094 0.00000000099999999970 0.00000000099999999970 0.19803832292806011761 0.00000000099999999970 0.00000000099999999970 0.00000000099999999970 0.00000000099999999970 0.00000000099999999970 0.11363099301655682494 
0.68046028949970793764 0.00000000099999999978 0.00842475067920084135 0.22483918319411044795 0.00000000099999999978 0.00000000099999999978 0.00000000099999999978 0.00000000099999999978 0.00000000099999999978 0.08627577062698105204 
0.63984231189991147559 0.00000000099999999979 0.01819645198630292018 0.22916392612787989114 0.00000000099999999979 0.00000000099999999979 0.00000000099999999979 0.00000000099999999979 0.00000000099999999979 0.11279730398590594176 
0.65621215651358633103 0.00000000099999999975 0.00000000099999999975 0.22379142187476244730 0.00000000099999999975 0.00000000099999999975 0.00000000099999999975 0.00000000099999999975 0.00000000099999999975 0.11999641461165147516 
0.67103930042341841666 0.00000000099999999971 0.00000000099999999971 0.25307695072732999675 0.00000000099999999971 0.00000000099999999971 0.00000000099999999971 0.00000000099999999971 0.00000000099999999971 0.07588374184925179844 
0.68938315206820865999 0.00000000099999999965 0.00000000099999999965 0.20274295974331438264 0.00000000099999999965 0.00000000099999999965 0.00000000099999999965 0.00000000099999999965 0.00000000099999999965 0.10787388118847721086 
0.68949356258848759627 0.00000000099999999971 0.00000000099999999971 0.21627153369862847643 0.00000000099999999971 0.00000000099999999971 0.00000000099999999971 0.00000000099999999971 0.00000000099999999971 0.09423489671288413916 
0.69450527023451891218 0.00000000099999999971 0.00000000099999999971 0.23719377309353287253 0.00000000099999999971 0.00000000099999999971 0.00000000099999999971 0.00000000099999999971 0.00000000099999999971 0.06830094967194841327 
0.69572834319925058733 0.00000000099999999979 0.00000640845161983928 0.21948454350374593802 0.00000000099999999979 0.00000000099999999979 0.00000000099999999979 0.00000000099999999979 0.00000000099999999979 0.08478069884538377843 
0.67076083037007017129 0.00000000099999999961 0.00000000099999999961 0.23618037360315721762 0.00000000099999999961 0.00000000099999999961 0.00000000099999999961 0.00000000099999999961 0.00000000099999999961 0.09305878902677268416 
0.70765704326401257518 0.00000000099999999971 0.00000791355580005510 0.17845561061324016761 0.00000000099999999971 0.00000000099999999971 0.00000000099999999971 0.00000000099999999971 0.00000000099999999971 0.11387942656694748089 
0.00000000099999999948 0.17814989639381342834 0.00000000099999999948 0.00000000099999999948 0.82185009560618671465 0.00000000099999999948 0.00000000099999999948 0.00000000099999999948 0.00000000099999999948 0.00000000099999999948 
0.00000000099999999952 0.20087568092348750959 0.00000000099999999952 0.00000000099999999952 0.79912431107651249462 0.00000000099999999952 0.00000000099999999952 0.00000000099999999952 0.00000000099999999952 0.00000000099999999952 
0.00000000099999999944 0.17578544963166875537 0.00000000099999999944 0.00000000099999999944 0.82421454236833135987 0.00000000099999999944 0.00000000099999999944 0.00000000099999999944 0.00000000099999999944 0.00000000099999999944 
0.00000000099999999956 0.24141257512590955092 0.00000000099999999956 0.00000000099999999956 0.75858741687409037002 0.00000000099999999956 0.00000000099999999956 0.00000000099999999956 0.00000000099999999956 0.00000000099999999956 
0.00000000099999999946 0.18359057869427522491 0.00000000099999999946 0.00000000099999999946 0.81640941330572480705 0.00000000099999999946 0.00000000099999999946 0.00000000099999999946 0.00000000099999999946 0.00000000099999999946 
0.00000000099999999947 0.17818226352339550100 0.00000000099999999947 0.00000000099999999947 0.82181772847660461423 0.00000000099999999947 0.00000000099999999947 0.00000000099999999947 0.00000000099999999947 0.00000000099999999947 
0.00000000099999999961 0.24299204340477012498 0.00000000099999999961 0.00000000099999999961 0.75700794859522990699 0.00000000099999999961 0.00000000099999999961 0.00000000099999999961 0.00000000099999999961 0.00000000099999999961 
0.00000000099999999961 0.22131855257389676517 0.00000000099999999961 0.00000000099999999961 0.77868143942610335007 0.00000000099999999961 0.00000000099999999961 0.00000000099999999961 0.00000000099999999961 0.00000000099999999961 
0.00000000099999999954 0.20890201600009022931 0.00000000099999999954 0.00000000099999999954 0.79109797599990971939 0.00000000099999999954 0.00000000099999999954 0.00000000099999999954 0.00000000099999999954 0.00000000099999999954 
0.00000000099999999946 0.16802721774264989252 0.00000000099999999946 0.00000000099999999946 0.83197277425735027823 0.00000000099999999946 0.00000000099999999946 0.00000000099999999946 0.00000000099999999946 0.00000000099999999946 
0.00000000099999999937 0.00000000099999999937 0.00000000099999999937 0.00000000099999999937 0.00000000099999999937 0.00000000099999999937 0.44904157683621243047 0.55095841516378762925 0.00000000099999999937 0.00000000099999999937 
0.00000000099999999946 0.00000000099999999946 0.00000000099999999946 0.00000000099999999946 0.00000000099999999946 0.00000000099999999946 0.76092772360212068694 0.23907226839787920625 0.00000000099999999946 0.00000000099999999946 
0.00000000099999999934 0.00000000099999999934 0.00000000099999999934 0.00000000099999999934 0.00000000099999999934 0.00000000099999999934 0.39555617184247221507 0.60444382015752784465 0.00000000099999999934 0.00000000099999999934 
0.00000000099999999944 0.00000000099999999944 0.00000000099999999944 0.00000000099999999944 0.00000000099999999944 0.00000000099999999944 0.39527961612606948849 0.60472037587393057123 0.00000000099999999944 0.00000000099999999944 
0.00000000099999999934 0.00000000099999999934 0.00000000099999999934 0.00000000099999999934 0.00000000099999999934 0.00000000099999999934 0.34191224402413145089 0.65808774797586855332 0.00000000099999999934 0.00000000099999999934 
0.00000000099999999933 0.00000000099999999933 0.00000000099999999933 0.00000000099999999933 0.00000000099999999933 0.00000000099999999933 0.67627512519871668673 0.32372486680128331749 0.00000000099999999933 0.00000000099999999933 
0.00000000099999999930 0.00000000099999999930 0.00000000099999999930 0.00000000099999999930 0.00000000099999999930 0.00000000099999999930 0.15265672684698117223 0.84734326515301894300 0.00000000099999999930 0.00000000099999999930 
0.00000000099999999955 0.00000000099999999955 0.00000000099999999955 0.00000000099999999955 0.00000000099999999955 0.00000000099999999955 0.16207529816399188216 0.83792469383600809429 0.00000000099999999955 0.00000000099999999955 
0.00000000099999999955 0.01681039520193131770 0.00000000099999999955 0.00000000099999999955 0.00000000099999999955 0.00000000099999999955 0.44906477947378919957 0.53412481832427949335 0.00000000099999999955 0.00000000099999999955 
0.00000000099999999956 0.01548777082953634726 0.00000000099999999956 0.00000000099999999956 0.00000000099999999956 0.00000000099999999956 0.40106219802829062848 0.58345002414217317366 0.00000000099999999956 0.00000000099999999956 
0.00000000099999999937 0.00000000099999999937 0.00000000099999999937 0.00000000099999999937 0.00000000099999999937 0.00000000099999999937 0.30861649282392156213 0.69138349917607844208 0.00000000099999999937 0.00000000099999999937 
0.00000000099999999962 0.00000000099999999962 0.00000000099999999962 0.00000000099999999962 0.00000000099999999962 0.00000000099999999962 0.00000000099999999962 0.00000000099999999962 0.99999999099999992147 0.00000000099999999962 
0.00000000099999999959 0.00000000099999999959 0.00000000099999999959 0.00000000099999999959 0.00000000099999999959 0.00000000099999999959 0.00000000099999999959 0.00000000099999999959 0.99999999099999992147 0.00000000099999999959 
0.00000000099999999955 0.00000000099999999955 0.00000000099999999955 0.00000000099999999955 0.00000000099999999955 0.00000000099999999955 0.00000000099999999955 0.00000000099999999955 0.99999999100000003249 0.00000000099999999955 
0.00000000099999999961 0.00000000099999999961 0.00000000099999999961 0.00000000099999999961 0.00000000099999999961 0.00000000099999999961 0.00000000099999999961 0.00000000099999999961 0.99999999099999992147 0.00000000099999999961 
0.00000000099999999952 0.00000000099999999952 0.00000000099999999952 0.00000000099999999952 0.00000000099999999952 0.00000000099999999952 0.00000000099999999952 0.00000000099999999952 0.99999999099999992147 0.00000000099999999952 
0.00000000099999999944 0.00000000099999999944 0.00000000099999999944 0.00000000099999999944 0.00000000099999999944 0.00000000099999999944 0.00000000099999999944 0.00000000099999999944 0.99999999100000003249 0.00000000099999999944 
0.00000000099999999946 0.00000000099999999946 0.00000000099999999946 0.00000000099999999946 0.00000000099999999946 0.00000000099999999946 0.00000000099999999946 0.00000000099999999946 0.99999999100000003249 0.00000000099999999946 
0.00000000099999999958 0.00000000099999999958 0.00000000099999999958 0.00000000099999999958 0.00000000099999999958 0.00000000099999999958 0.00000000099999999958 0.00000000099999999958 0.99999999100000003249 0.00000000099999999958 
0.00000000099999999937 0.00000000099999999937 0.00000000099999999937 0.00000000099999999937 0.00000000099999999937 0.00000000099999999937 0.00000000099999999937 0.00000000099999999937 0.99999999099999992147 0.00000000099999999937 
0.00000000099999999946 0.00000000099999999946 0.00000000099999999946 0.00000000099999999946 0.00000000099999999946 0.00000000099999999946 0.00000000099999999946 0.00000000099999999946 0.99999999099999992147 0.00000000099999999946 
0.00000000099999999951 0.00000000099999999951 0.00000000099999999951 0.00000000099999999951 0.00000000099999999951 0.00000000099999999951 0.00000000099999999951 0.00000000099999999951 0.99999999099999992147 0.00000000099999999951 
0.00000000099999999893 0.99999999100000003249 0.00000000099999999893 0.00000000099999999893 0.00000000099999999893 0.00000000099999999893 0.00000000099999999893 0.00000000099999999893 0.00000000099999999893 0.00000000099999999893 
0.00000000099999999902 0.99999999100000014352 0.00000000099999999902 0.00000000099999999902 0.00000000099999999902 0.00000000099999999902 0.00000000099999999902 0.00000000099999999902 0.00000000099999999902 0.00000000099999999902 
0.00000000099999999900 0.99999999100000014352 0.00000000099999999900 0.00000000099999999900 0.00000000099999999900 0.00000000099999999900 0.00000000099999999900 0.00000000099999999900 0.00000000099999999900 0.00000000099999999900 
0.00000000099999999909 0.99999999100000014352 0.00000000099999999909 0.00000000099999999909 0.00000000099999999909 0.00000000099999999909 0.00000000099999999909 0.00000000099999999909 0.00000000099999999909 0.00000000099999999909 
0.00000000099999999898 0.99999999100000014352 0.00000000099999999898 0.00000000099999999898 0.00000000099999999898 0.00000000099999999898 0.00000000099999999898 0.00000000099999999898 0.00000000099999999898 0.00000000099999999898 
0.00000000099999999913 0.99999999100000014352 0.00000000099999999913 0.00000000099999999913 0.00000000099999999913 0.00000000099999999913 0.00000000099999999913 0.00000000099999999913 0.00000000099999999913 0.00000000099999999913 
0.00000000099999999904 0.99999999100000025454 0.00000000099999999904 0.00000000099999999904 0.00000000099999999904 0.00000000099999999904 0.00000000099999999904 0.00000000099999999904 0.00000000099999999904 0.00000000099999999904 
0.00000000099999999907 0.99999999100000014352 0.00000000099999999907 0.00000000099999999907 0.00000000099999999907 0.00000000099999999907 0.00000000099999999907 0.00000000099999999907 0.00000000099999999907 0.00000000099999999907 
0.00000000099999999899 0.99999999100000003249 0.00000000099999999899 0.00000000099999999899 0.00000000099999999899 0.00000000099999999899 0.00000000099999999899 0.00000000099999999899 0.00000000099999999899 0.00000000099999999899 
0.00000000099999999902 0.99999999100000014352 0.00000000099999999902 0.00000000099999999902 0.00000000099999999902 0.00000000099999999902 0.00000000099999999902 0.00000000099999999902 0.00000000099999999902 0.00000000099999999902 
0.00000000099999999899 0.99999999100000003249 0.00000000099999999899 0.00000000099999999899 0.00000000099999999899 0.00000000099999999899 0.00000000099999999899 0.00000000099999999899 0.00000000099999999899 0.00000000099999999899 
0.00000000099999999894 0.99999999100000014352 0.00000000099999999894 0.00000000099999999894 0.00000000099999999894 0.00000000099999999894 0.00000000099999999894 0.00000000099999999894 0.00000000099999999894 0.00000000099999999894 
0.00000000099999999904 0.99999999100000025454 0.00000000099999999904 0.00000000099999999904 0.00000000099999999904 0.00000000099999999904 0.00000000099999999904 0.00000000099999999904 0.00000000099999999904 0.00000000099999999904 
0.00000000099999999899 0.99999999100000003249 0.00000000099999999899 0.00000000099999999899 0.00000000099999999899 0.00000000099999999899 0.00000000099999999899 0.00000000099999999899 0.00000000099999999899 0.00000000099999999899 
0.00000000099999999890 0.99999999100000014352 0.00000000099999999890 0.00000000099999999890 0.00000000099999999890 0.00000000099999999890 0.00000000099999999890 0.00000000099999999890 0.00000000099999999890 0.00000000099999999890 
0.00000000099999999921 0.99999999100000014352 0.00000000099999999921 0.00000000099999999921 0.00000000099999999921 0.00000000099999999921 0.00000000099999999921 0.00000000099999999921 0.00000000099999999921 0.00000000099999999921 
0.00000000099999999901 0.99999999100000025454 0.00000000099999999901 0.00000000099999999901 0.00000000099999999901 0.00000000099999999901 0.00000000099999999901 0.00000000099999999901 0.00000000099999999901 0.00000000099999999901 
0.00000000099999999896 0.99999999100000003249 0.00000000099999999896 0.00000000099999999896 0.00000000099999999896 0.00000000099999999896 0.00000000099999999896 0.00000000099999999896 0.00000000099999999896 0.00000000099999999896 
0.00000000099999999903 0.00000000099999999903 0.00000000099999999903 0.00000000099999999903 0.00000000099999999903 0.00000000099999999903 0.00000000099999999903 0.99999999100000003249 0.00000000099999999903 0.00000000099999999903 
0.00000000099999999924 0.00000000099999999924 0.00000000099999999924 0.00000000099999999924 0.00000000099999999924 0.00000000099999999924 0.45039697286121721520 0.54960301913878284452 0.00000000099999999924 0.00000000099999999924 
0.00000000099999999978 0.00000000099999999978 0.00000000099999999978 0.00000000099999999978 0.47825569098856746120 0.01792766522615442393 0.00000000099999999978 0.07166038099972912856 0.43215625678554897560 0.00000000099999999978 
0.00000000099999999986 0.00000000099999999986 0.00000000099999999986 0.00000000099999999986 0.47013090141542679401 0.02083560831009527436 0.00000000099999999986 0.07512321486308537466 0.43391026941139237971 0.00000000099999999986 
0.00000000099999999973 0.00000000099999999973 0.00000000099999999973 0.00000000099999999973 0.46935684884621264867 0.01755365069845788925 0.00000000099999999973 0.08536280420670240565 0.42772669024862708387 0.00000000099999999973 
0.00000000099999999985 0.13426391385805608314 0.00000000099999999985 0.00000000099999999985 0.74767864616675461242 0.05903706970432855833 0.00000000099999999985 0.05902036427086070763 0.00000000099999999985 0.00000000099999999985 
0.00000000099999999974 0.25071114780309228243 0.00000000099999999974 0.00000000099999999974 0.68347997175547847704 0.06580887344142932749 0.00000000099999999974 0.00000000099999999974 0.00000000099999999974 0.00000000099999999974 
0.00000000099999999967 0.19820019089305521143 0.00000000099999999967 0.00000000099999999967 0.70160752134802206736 0.07621244095981552502 0.00000062169390987979 0.02397922010519725269 0.00000000099999999967 0.00000000099999999967 
0.00000000099999999950 0.16214960529732139194 0.00000000099999999950 0.00000000099999999950 0.83785038670267875105 0.00000000099999999950 0.00000000099999999950 0.00000000099999999950 0.00000000099999999950 0.00000000099999999950 
0.00000000099999999949 0.08674881462282293954 0.00000000099999999949 0.00000000099999999949 0.91325117737717709243 0.00000000099999999949 0.00000000099999999949 0.00000000099999999949 0.00000000099999999949 0.00000000099999999949 
0.00000000099999999942 0.15369332404277688542 0.00000000099999999942 0.00000000099999999942 0.84630666795722320206 0.00000000099999999942 0.00000000099999999942 0.00000000099999999942 0.00000000099999999942 0.00000000099999999942 
0.00000000099999999939 0.15865680377288118863 0.00000000099999999939 0.00000000099999999939 0.84134318822711884334 0.00000000099999999939 0.00000000099999999939 0.00000000099999999939 0.00000000099999999939 0.00000000099999999939 
0.00000000099999999945 0.14406085186520767305 0.00000000099999999945 0.00000000099999999945 0.85593914013479244218 0.00000000099999999945 0.00000000099999999945 0.00000000099999999945 0.00000000099999999945 0.00000000099999999945 
0.00000000099999999975 0.20224888197819726465 0.00000000099999999975 0.00000000099999999975 0.78631729735209243692 0.00000000099999999975 0.00000000099999999975 0.00000000099999999975 0.00000000099999999975 0.01143381366971040446 
0.00000000099999999948 0.12822828424500620770 0.00000000099999999948 0.00000000099999999948 0.87177170775499379651 0.00000000099999999948 0.00000000099999999948 0.00000000099999999948 0.00000000099999999948 0.00000000099999999948 
0.00000000099999999943 0.24583910914956888516 0.00000000099999999943 0.00000000099999999943 0.75416088285043125783 0.00000000099999999943 0.00000000099999999943 0.00000000099999999943 0.00000000099999999943 0.00000000099999999943 
0.00000000099999999952 0.17228498485624652026 0.00000000099999999952 0.00000000099999999952 0.82771500714375345620 0.00000000099999999952 0.00000000099999999952 0.00000000099999999952 0.00000000099999999952 0.00000000099999999952 
0.00000000099999999955 0.17626567950438687404 0.00000000099999999955 0.00000000099999999955 0.82373431249561313017 0.00000000099999999955 0.00000000099999999955 0.00000000099999999955 0.00000000099999999955 0.00000000099999999955 
0.00000000099999999955 0.18178677430597542375 0.00000000099999999955 0.00000000099999999955 0.81821321769402455271 0.00000000099999999955 0.00000000099999999955 0.00000000099999999955 0.00000000099999999955 0.00000000099999999955 
0.00000000099999999953 0.20801647454988736463 0.00000000099999999953 0.00000000099999999953 0.79198351745011275060 0.00000000099999999953 0.00000000099999999953 0.00000000099999999953 0.00000000099999999953 0.00000000099999999953 
0.00000000099999999991 0.03251881338427536211 0.00000000099999999991 0.01759151539693165275 0.75818577348043092456 0.00335285950412866299 0.10902286784320217028 0.07932816639103132395 0.00000000099999999991 0.00000000099999999991 
0.00000000099999999985 0.06624548902045966636 0.00000000099999999985 0.00000000099999999985 0.83153294519800224904 0.00000000099999999985 0.08039422735313953017 0.02182733242839864085 0.00000000099999999985 0.00000000099999999985 
0.00000000099999999982 0.11706464603383384682 0.00000000099999999982 0.00000000099999999982 0.78012366734624483122 0.00000000099999999982 0.10281167961992135340 0.00000000099999999982 0.00000000099999999982 0.00000000099999999982 
0.00000000099999999990 0.03055885339360035757 0.00000000099999999990 0.00250176845769471863 0.61579115933345696110 0.00000000099999999990 0.14652721168466831259 0.18992735194314050440 0.00000000099999999990 0.01469365118743914261 
0.00000000099999999992 0.00564910832396505608 0.00000000099999999992 0.00000000099999999992 0.66903934883702453895 0.00000000099999999992 0.13793375511528527255 0.18535004707833915849 0.00000000099999999992 0.00202773564538608975 
0.00031906007354623418 0.07467952006145124610 0.00000000099999999996 0.03076528655861236056 0.79752002763756579817 0.00000000099999999996 0.05981507374291827189 0.01353603768868512705 0.02336499123722110896 0.00000000099999999996 
0.00000000099999999990 0.02155111885886079257 0.00000000099999999990 0.00981974047521837375 0.61776299774281417942 0.00000000099999999990 0.15306221858195898089 0.18872305123110863501 0.00000000099999999990 0.00908086911003923129 
0.00000000099999999992 0.09260228067708631272 0.00000000099999999992 0.00000000099999999992 0.84144251098423916702 0.00000000099999999992 0.06595520133867453783 0.00000000099999999992 0.00000000099999999992 0.00000000099999999992 
0.99999999100000003249 0.00000000099999999886 0.00000000099999999886 0.00000000099999999886 0.00000000099999999886 0.00000000099999999886 0.00000000099999999886 0.00000000099999999886 0.00000000099999999886 0.00000000099999999886 
0.99999999100000003249 0.00000000099999999878 0.00000000099999999878 0.00000000099999999878 0.00000000099999999878 0.00000000099999999878 0.00000000099999999878 0.00000000099999999878 0.00000000099999999878 0.00000000099999999878 
0.99999999100000014352 0.00000000099999999876 0.00000000099999999876 0.00000000099999999876 0.00000000099999999876 0.00000000099999999876 0.00000000099999999876 0.00000000099999999876 0.00000000099999999876 0.00000000099999999876 
0.99999999100000003249 0.00000000099999999879 0.00000000099999999879 0.00000000099999999879 0.00000000099999999879 0.00000000099999999879 0.00000000099999999879 0.00000000099999999879 0.00000000099999999879 0.00000000099999999879 
0.99999999100000003249 0.00000000099999999878 0.00000000099999999878 0.00000000099999999878 0.00000000099999999878 0.00000000099999999878 0.00000000099999999878 0.00000000099999999878 0.00000000099999999878 0.00000000099999999878 
0.99999999100000014352 0.00000000099999999879 0.00000000099999999879 0.00000000099999999879 0.00000000099999999879 0.00000000099999999879 0.00000000099999999879 0.00000000099999999879 0.00000000099999999879 0.00000000099999999879 
0.99999999100000003249 0.00000000099999999876 0.00000000099999999876 0.00000000099999999876 0.00000000099999999876 0.00000000099999999876 0.00000000099999999876 0.00000000099999999876 0.00000000099999999876 0.00000000099999999876 
0.99999999100000014352 0.00000000099999999873 0.00000000099999999873 0.00000000099999999873 0.00000000099999999873 0.00000000099999999873 0.00000000099999999873 0.00000000099999999873 0.00000000099999999873 0.00000000099999999873 
0.99999999100000003249 0.00000000099999999869 0.00000000099999999869 0.00000000099999999869 0.00000000099999999869 0.00000000099999999869 0.00000000099999999869 0.00000000099999999869 0.00000000099999999869 0.00000000099999999869 
0.99999999100000003249 0.00000000099999999872 0.00000000099999999872 0.00000000099999999872 0.00000000099999999872 0.00000000099999999872 0.00000000099999999872 0.00000000099999999872 0.00000000099999999872 0.00000000099999999872 
0.99999999100000003249 0.00000000099999999883 0.00000000099999999883 0.00000000099999999883 0.00000000099999999883 0.00000000099999999883 0.00000000099999999883 0.00000000099999999883 0.00000000099999999883 0.00000000099999999883 
0.99999999100000003249 0.00000000099999999880 0.00000000099999999880 0.00000000099999999880 0.00000000099999999880 0.00000000099999999880 0.00000000099999999880 0.00000000099999999880 0.00000000099999999880 0.00000000099999999880 
0.99999999100000003249 0.00000000099999999875 0.00000000099999999875 0.00000000099999999875 0.00000000099999999875 0.00000000099999999875 0.00000000099999999875 0.00000000099999999875 0.00000000099999999875 0.00000000099999999875 
0.99999999100000003249 0.00000000099999999882 0.00000000099999999882 0.00000000099999999882 0.00000000099999999882 0.00000000099999999882 0.00000000099999999882 0.00000000099999999882 0.00000000099999999882 0.00000000099999999882 
0.99999999100000003249 0.00000000099999999898 0.00000000099999999898 0.00000000099999999898 0.00000000099999999898 0.00000000099999999898 0.00000000099999999898 0.00000000099999999898 0.00000000099999999898 0.00000000099999999898 
0.99999999100000003249 0.00000000099999999884 0.00000000099999999884 0.00000000099999999884 0.00000000099999999884 0.00000000099999999884 0.00000000099999999884 0.00000000099999999884 0.00000000099999999884 0.00000000099999999884 
0.00000000099999999997 0.06274924613861983247 0.00000000099999999997 0.01444141852320337573 0.77372409529270025352 0.01865648378109092953 0.06386101423190210236 0.05667829002140330197 0.00180109056190577688 0.00808835944917446308 
0.00000000099999999960 0.25545913980489842743 0.00000000099999999960 0.00000000099999999960 0.74454085219510157678 0.00000000099999999960 0.00000000099999999960 0.00000000099999999960 0.00000000099999999960 0.00000000099999999960 
0.00000000099999999982 0.24838434365278916349 0.00000000099999999982 0.00000000099999999982 0.75161564834721084072 0.00000000099999999982 0.00000000099999999982 0.00000000099999999982 0.00000000099999999982 0.00000000099999999982 
0.00000000099999999939 0.00000000099999999939 0.00000000099999999939 0.00000000099999999939 0.00000000099999999939 0.00000000099999999939 0.00000000099999999939 0.99999999100000003249 0.00000000099999999939 0.00000000099999999939 
0.00000000099999999951 0.00000000099999999951 0.00000000099999999951 0.00000000099999999951 0.00000000099999999951 0.60261691678933770877 0.00000000099999999951 0.39738307521066235095 0.00000000099999999951 0.00000000099999999951 
0.00000000099999999937 0.00000000099999999937 0.00000000099999999937 0.00000000099999999937 0.00000000099999999937 0.00000000099999999937 0.00000000099999999937 0.99999999099999992147 0.00000000099999999937 0.00000000099999999937 
0.00000000099999999937 0.00000000099999999937 0.00000000099999999937 0.00000000099999999937 0.00000000099999999937 0.00000000099999999937 0.00000000099999999937 0.99999999100000003249 0.00000000099999999937 0.00000000099999999937 
0.00000000099999999942 0.00000000099999999942 0.00000000099999999942 0.00000000099999999942 0.00000000099999999942 0.00000000099999999942 0.00000000099999999942 0.99999999100000003249 0.00000000099999999942 0.00000000099999999942 
0.00000000099999999952 0.00000000099999999952 0.00000000099999999952 0.00000000099999999952 0.00000000099999999952 0.00000000099999999952 0.00000000099999999952 0.99999999100000003249 0.00000000099999999952 0.00000000099999999952 
0.00000000099999999892 0.00000000099999999892 0.00000000099999999892 0.00000000099999999892 0.00000000099999999892 0.00000000099999999892 0.00000000099999999892 0.00000000099999999892 0.00000000099999999892 0.99999999099999992147 
0.00000000099999999877 0.00000000099999999877 0.00000000099999999877 0.00000000099999999877 0.00000000099999999877 0.00000000099999999877 0.00000000099999999877 0.00000000099999999877 0.00000000099999999877 0.99999999100000003249 
0.00000000099999999876 0.00000000099999999876 0.00000000099999999876 0.00000000099999999876 0.00000000099999999876 0.00000000099999999876 0.00000000099999999876 0.00000000099999999876 0.00000000099999999876 0.99999999100000003249 
0.00000000099999999869 0.00000000099999999869 0.00000000099999999869 0.00000000099999999869 0.00000000099999999869 0.00000000099999999869 0.00000000099999999869 0.00000000099999999869 0.00000000099999999869 0.99999999100000003249 
0.00000000099999999864 0.00000000099999999864 0.00000000099999999864 0.00000000099999999864 0.00000000099999999864 0.00000000099999999864 0.00000000099999999864 0.00000000099999999864 0.00000000099999999864 0.99999999099999992147 
0.00000000099999999878 0.00000000099999999878 0.00000000099999999878 0.00000000099999999878 0.00000000099999999878 0.00000000099999999878 0.00000000099999999878 0.00000000099999999878 0.00000000099999999878 0.99999999100000003249 
0.00000000099999999870 0.00000000099999999870 0.00000000099999999870 0.00000000099999999870 0.00000000099999999870 0.00000000099999999870 0.00000000099999999870 0.00000000099999999870 0.00000000099999999870 0.99999999100000003249 
0.00000000099999999876 0.00000000099999999876 0.00000000099999999876 0.00000000099999999876 0.00000000099999999876 0.00000000099999999876 0.00000000099999999876 0.00000000099999999876 0.00000000099999999876 0.99999999100000003249 
0.00000000099999999899 0.00000000099999999899 0.00000000099999999899 0.00000000099999999899 0.00000000099999999899 0.00000000099999999899 0.00000000099999999899 0.00000000099999999899 0.00000000099999999899 0.99999999099999992147 
0.00000000099999999873 0.00000000099999999873 0.00000000099999999873 0.00000000099999999873 0.00000000099999999873 0.00000000099999999873 0.00000000099999999873 0.00000000099999999873 0.00000000099999999873 0.99999999099999992147 
0.00000000099999999863 0.00000000099999999863 0.00000000099999999863 0.00000000099999999863 0.00000000099999999863 0.00000000099999999863 0.00000000099999999863 0.00000000099999999863 0.00000000099999999863 0.99999999099999992147 
0.00000000099999999871 0.00000000099999999871 0.00000000099999999871 0.00000000099999999871 0.00000000099999999871 0.00000000099999999871 0.00000000099999999871 0.00000000099999999871 0.00000000099999999871 0.99999999099999992147 
0.00000000099999999904 0.00000000099999999904 0.00000000099999999904 0.00000000099999999904 0.00000000099999999904 0.00000000099999999904 0.00000000099999999904 0.00000000099999999904 0.99999999099999992147 0.00000000099999999904 
0.00000000099999999891 0.00000000099999999891 0.00000000099999999891 0.00000000099999999891 0.00000000099999999891 0.00000000099999999891 0.00000000099999999891 0.00000000099999999891 0.99999999099999981045 0.00000000099999999891 
0.00000000099999999929 0.00000000099999999929 0.00000000099999999929 0.00000000099999999929 0.00000000099999999929 0.00000000099999999929 0.00000000099999999929 0.00000000099999999929 0.99999999100000003249 0.00000000099999999929 
0.00000000099999999891 0.00000000099999999891 0.00000000099999999891 0.00000000099999999891 0.00000000099999999891 0.00000000099999999891 0.00000000099999999891 0.00000000099999999891 0.99999999099999992147 0.00000000099999999891 
0.00000000099999999903 0.00000000099999999903 0.00000000099999999903 0.00000000099999999903 0.00000000099999999903 0.00000000099999999903 0.00000000099999999903 0.00000000099999999903 0.99999999099999992147 0.00000000099999999903 
0.00000000099999999897 0.00000000099999999897 0.00000000099999999897 0.00000000099999999897 0.00000000099999999897 0.00000000099999999897 0.00000000099999999897 0.00000000099999999897 0.99999999099999992147 0.00000000099999999897 
0.00000000099999999968 0.00000000099999999968 0.00000000099999999968 0.00000000099999999968 0.00000000099999999968 0.00000000099999999968 0.00000000099999999968 0.00000000099999999968 0.99999999100000003249 0.00000000099999999968 
0.00000000099999999901 0.00000000099999999901 0.00000000099999999901 0.00000000099999999901 0.00000000099999999901 0.00000000099999999901 0.00000000099999999901 0.00000000099999999901 0.99999999099999992147 0.00000000099999999901 
0.00000000099999999899 0.00000000099999999899 0.00000000099999999899 0.00000000099999999899 0.00000000099999999899 0.00000000099999999899 0.00000000099999999899 0.00000000099999999899 0.99999999099999992147 0.00000000099999999899 
0.00000000099999999906 0.00000000099999999906 0.00000000099999999906 0.00000000099999999906 0.00000000099999999906 0.00000000099999999906 0.00000000099999999906 0.00000000099999999906 0.99999999099999992147 0.00000000099999999906 
0.00000000099999999900 0.00000000099999999900 0.00000000099999999900 0.00000000099999999900 0.00000000099999999900 0.00000000099999999900 0.00000000099999999900 0.00000000099999999900 0.99999999099999992147 0.00000000099999999900 
0.00000000099999999916 0.00000000099999999916 0.00000000099999999916 0.00000000099999999916 0.00000000099999999916 0.38028441395985562723 0.61971557804014432147 0.00000000099999999916 0.00000000099999999916 0.00000000099999999916 
0.00000000099999999925 0.00000000099999999925 0.00000000099999999925 0.00000000099999999925 0.00000000099999999925 0.58538802540425549648 0.41461196659574461876 0.00000000099999999925 0.00000000099999999925 0.00000000099999999925 
0.00000000099999999923 0.00000000099999999923 0.00000000099999999923 0.00000000099999999923 0.00000000099999999923 0.58988663533253971050 0.41011335666746040474 0.00000000099999999923 0.00000000099999999923 0.00000000099999999923 
0.00000000099999999922 0.00000000099999999922 0.00000000099999999922 0.00000000099999999922 0.00000000099999999922 0.23532035565259509791 0.76467963634740498957 0.00000000099999999922 0.00000000099999999922 0.00000000099999999922 
0.00000000099999999919 0.00000000099999999919 0.00000000099999999919 0.00000000099999999919 0.00000000099999999919 0.63492005067804069274 0.36507994132195931147 0.00000000099999999919 0.00000000099999999919 0.00000000099999999919 
0.00000000099999999914 0.00000000099999999914 0.00000000099999999914 0.00000000099999999914 0.00000000099999999914 0.57030380739451191907 0.42969618460548825167 0.00000000099999999914 0.00000000099999999914 0.00000000099999999914 
0.00000000099999999840 0.00000000099999999840 0.00000000099999999840 0.00000000099999999840 0.00000000099999999840 0.99999999099999992147 0.00000000099999999840 0.00000000099999999840 0.00000000099999999840 0.00000000099999999840 
0.00000000099999999919 0.00000000099999999919 0.00000000099999999919 0.00000000099999999919 0.00000000099999999919 0.78445592805547581516 0.21554406394452418905 0.00000000099999999919 0.00000000099999999919 0.00000000099999999919 
0.00000000099999999922 0.00000000099999999922 0.00000000099999999922 0.00000000099999999922 0.00000000099999999922 0.71912402481203252513 0.28087596718796753459 0.00000000099999999922 0.00000000099999999922 0.00000000099999999922 
0.00000000099999999923 0.00000000099999999923 0.00000000099999999923 0.00000000099999999923 0.00000000099999999923 0.23474808971500593646 0.76525190228499406775 0.00000000099999999923 0.00000000099999999923 0.00000000099999999923 
0.00000000099999999916 0.00000000099999999916 0.00000000099999999916 0.00000000099999999916 0.00000000099999999916 0.71084806069151762475 0.28915193130848237946 0.00000000099999999916 0.00000000099999999916 0.00000000099999999916 
0.00000000099999999916 0.00000000099999999916 0.00000000099999999916 0.00000000099999999916 0.00000000099999999916 0.48572238519279370417 0.51427760680720624453 0.00000000099999999916 0.00000000099999999916 0.00000000099999999916 
0.00000000099999999926 0.00000000099999999926 0.00000000099999999926 0.00000000099999999926 0.00000000099999999926 0.19825275312789270021 0.80174723887210730400 0.00000000099999999926 0.00000000099999999926 0.00000000099999999926 
0.00000000099999999919 0.00000000099999999919 0.00000000099999999919 0.00000000099999999919 0.00000000099999999919 0.42677884340810406938 0.57322114859189587932 0.00000000099999999919 0.00000000099999999919 0.00000000099999999919 
0.00000000099999999923 0.00000000099999999923 0.00000000099999999923 0.00000000099999999923 0.00000000099999999923 0.68019853595389945244 0.31980145604610066279 0.00000000099999999923 0.00000000099999999923 0.00000000099999999923 
0.00000000099999999923 0.00000000099999999923 0.00000000099999999923 0.00000000099999999923 0.00000000099999999923 0.50512764579886071381 0.49487234620113923489 0.00000000099999999923 0.00000000099999999923 0.00000000099999999923 
0.00000000099999999998 0.02475580773144850366 0.00000000099999999998 0.01295892653865232322 0.74980172810076683998 0.10566653644899197395 0.01347493581739090535 0.09027624846297119254 0.00151498826758898275 0.00155082663218928394 
0.01192180269502971304 0.00000000099999999995 0.00000000099999999995 0.01807541184845999280 0.79588695201432091419 0.07234062456053626244 0.00401352887101803432 0.09773493111651691823 0.00002674589411805891 0.00000000099999999995 
0.00000000099999999996 0.00016125687980315327 0.00000000099999999996 0.00000000099999999996 0.75064085600431462719 0.07481515359566533185 0.03754791778122683332 0.13683481073899000924 0.00000000099999999996 0.00000000099999999996 
0.00000000099999999991 0.03991981238538235693 0.00000000099999999991 0.00000000099999999991 0.80669912852120539970 0.08458416082242337097 0.00000000099999999991 0.05935624444721705750 0.00944064882377194242 0.00000000099999999991 
0.00000000099999999988 0.03175713601375665385 0.00000000099999999988 0.00000000099999999988 0.74665975072178369931 0.11456308740299050997 0.02516464899786367143 0.08185537186360557216 0.00000000099999999988 0.00000000099999999988 
0.01015528755201011712 0.03298696895714498672 0.00005170878467606977 0.00000000099999999997 0.82065114451982090760 0.07859299996347396400 0.02572741799437252772 0.03183446922850152738 0.00000000099999999997 0.00000000099999999997 
0.00000000099999999990 0.00231976067277708635 0.00000000099999999990 0.02119436735571520597 0.82734147000562641150 0.08371458885649607495 0.00000000099999999990 0.06085765612083584436 0.00457215298854934168 0.00000000099999999990 
0.00000000099999999998 0.01446284418234135630 0.00000000099999999998 0.03102439554793857274 0.80388021758566508002 0.04636012706893011953 0.00000485521520261318 0.08258324767383726228 0.01869241584371467840 0.00299189488237049887 
0.00000000099999999990 0.00000000099999999990 0.00000000099999999990 0.02737208000235435632 0.81262646490815948486 0.07413561562234773084 0.00000000099999999990 0.07192823653827183639 0.01393759792886651964 0.00000000099999999990 
0.00000000099999999996 0.02749358403793103478 0.00000000099999999996 0.00000000099999999996 0.78516300208883238465 0.06541417762065519781 0.00000000099999999996 0.10427308613123321968 0.00441727930740544970 0.01323886681394290631 
0.00000000099999999994 0.00000000099999999994 0.00000000099999999994 0.00776964925122615273 0.71663375093417536199 0.14369966095179295684 0.01254152850555347552 0.10239517099590293714 0.01696023536134904502 0.00000000099999999994 
0.00000662440059252400 0.03451982548563690273 0.00000000099999999995 0.00000000099999999995 0.78890586949850127763 0.06709963680246330830 0.00664823554515617515 0.08501785620174438785 0.01780194906590529952 0.00000000099999999995 
0.08763806463393537804 0.00000000099999999999 0.00000000099999999999 0.28295348750769216961 0.43817891547726928181 0.01393059418351555619 0.00238756584973729173 0.00019238528457569371 0.05871389995550126140 0.11600508510777342297 
0.08674169261696010325 0.00859840573294632683 0.00000000099999999999 0.29119899179434766134 0.42278720443111716953 0.00000000099999999999 0.00000000099999999999 0.01581738201490567181 0.07636830049362279549 0.09848801991610024731 
0.07004224059696270710 0.00000000099999999998 0.00000000099999999998 0.25405523903653220996 0.40069568848124192950 0.00000000099999999998 0.01479178624422522285 0.03394609290064295321 0.10784088192048589538 0.11862806781990918592 
0.09287312770335756640 0.00000000099999999999 0.01343012942268169418 0.25302585033971281003 0.46987436618493727547 0.00000000099999999999 0.00000000099999999999 0.00000000099999999999 0.05131851069465358933 0.11947801165465690709 
0.07615144068140089484 0.00000000099999999999 0.01098883525178857498 0.26685432924322355364 0.40884665904613787246 0.00039613916131614111 0.00000000099999999999 0.05690849180091096804 0.06267966677603589720 0.11717443603918605011 
