0.00000000099999999896 0.00000000099999999896 0.00000000099999999896 0.00000000099999999896 0.00000000099999999896 0.00000000099999999896 0.99999998899999997803 0.00000000099999999896 0.00000000099999999896 0.00000000099999999896 0.00000000099999999896 0.00000000099999999896 
0.00000000099999999899 0.00000000099999999899 0.00000000099999999899 0.00000000099999999899 0.00000000099999999899 0.00000000099999999899 0.99999998899999997803 0.00000000099999999899 0.00000000099999999899 0.00000000099999999899 0.00000000099999999899 0.00000000099999999899 
0.00000000099999999904 0.00000000099999999904 0.00000000099999999904 0.00000000099999999904 0.00000000099999999904 0.00000000099999999904 0.99999998899999997803 0.00000000099999999904 0.00000000099999999904 0.00000000099999999904 0.00000000099999999904 0.00000000099999999904 
0.00000000099999999909 0.00000000099999999909 0.00000000099999999909 0.00000000099999999909 0.00000000099999999909 0.00000000099999999909 0.99999998900000008906 0.00000000099999999909 0.00000000099999999909 0.00000000099999999909 0.00000000099999999909 0.00000000099999999909 
0.00000000099999999904 0.00000000099999999904 0.00000000099999999904 0.00000000099999999904 0.00000000099999999904 0.00000000099999999904 0.99999998899999997803 0.00000000099999999904 0.00000000099999999904 0.00000000099999999904 0.00000000099999999904 0.00000000099999999904 
0.00000000099999999902 0.00000000099999999902 0.00000000099999999902 0.00000000099999999902 0.00000000099999999902 0.00000000099999999902 0.99999998900000008906 0.00000000099999999902 0.00000000099999999902 0.00000000099999999902 0.00000000099999999902 0.00000000099999999902 
0.00000000099999999900 0.00000000099999999900 0.00000000099999999900 0.00000000099999999900 0.00000000099999999900 0.00000000099999999900 0.99999998899999997803 0.00000000099999999900 0.00000000099999999900 0.00000000099999999900 0.00000000099999999900 0.00000000099999999900 
0.00000000099999999899 0.00000000099999999899 0.00000000099999999899 0.00000000099999999899 0.00000000099999999899 0.00000000099999999899 0.99999998899999997803 0.00000000099999999899 0.00000000099999999899 0.00000000099999999899 0.00000000099999999899 0.00000000099999999899 
0.00000000099999999894 0.00000000099999999894 0.00000000099999999894 0.00000000099999999894 0.00000000099999999894 0.00000000099999999894 0.99999998899999997803 0.00000000099999999894 0.00000000099999999894 0.00000000099999999894 0.00000000099999999894 0.00000000099999999894 
0.00000000099999999900 0.00000000099999999900 0.00000000099999999900 0.00000000099999999900 0.00000000099999999900 0.00000000099999999900 0.99999998899999986701 0.00000000099999999900 0.00000000099999999900 0.00000000099999999900 0.00000000099999999900 0.00000000099999999900 
0.00000000099999999893 0.00000000099999999893 0.00000000099999999893 0.00000000099999999893 0.00000000099999999893 0.00000000099999999893 0.99999998899999986701 0.00000000099999999893 0.00000000099999999893 0.00000000099999999893 0.00000000099999999893 0.00000000099999999893 
0.00000000099999999912 0.00000000099999999912 0.00000000099999999912 0.00000000099999999912 0.00000000099999999912 0.00000000099999999912 0.99999998900000008906 0.00000000099999999912 0.00000000099999999912 0.00000000099999999912 0.00000000099999999912 0.00000000099999999912 
0.00000000099999999905 0.00000000099999999905 0.00000000099999999905 0.00000000099999999905 0.00000000099999999905 0.00000000099999999905 0.99999998899999997803 0.00000000099999999905 0.00000000099999999905 0.00000000099999999905 0.00000000099999999905 0.00000000099999999905 
0.00000000099999999899 0.00000000099999999899 0.00000000099999999899 0.00000000099999999899 0.00000000099999999899 0.00000000099999999899 0.99999998899999997803 0.00000000099999999899 0.00000000099999999899 0.00000000099999999899 0.00000000099999999899 0.00000000099999999899 
0.00000000099999999933 0.00000000099999999933 0.00000000099999999933 0.00000000099999999933 0.00000000099999999933 0.17105270696686719623 0.00000000099999999933 0.00000000099999999933 0.00000000099999999933 0.00000000099999999933 0.82894728303313280904 0.00000000099999999933 
0.00000000099999999938 0.00000000099999999938 0.00000000099999999938 0.00000000099999999938 0.00000000099999999938 0.19490028411293397470 0.00000000099999999938 0.00000000099999999938 0.00000000099999999938 0.00000000099999999938 0.80509970588706591954 0.00000000099999999938 
0.00000000099999999929 0.00000000099999999929 0.00000000099999999929 0.00000000099999999929 0.00000000099999999929 0.16878444403665807116 0.00000000099999999929 0.00000000099999999929 0.00000000099999999929 0.00000000099999999929 0.83121554596334179532 0.00000000099999999929 
0.00000000099999999942 0.00000000099999999942 0.00000000099999999942 0.00000000099999999942 0.00000000099999999942 0.23539242329750609262 0.00000000099999999942 0.00000000099999999942 0.00000000099999999942 0.00000000099999999942 0.76460756670249385714 0.00000000099999999942 
0.00000000099999999930 0.00000000099999999930 0.00000000099999999930 0.00000000099999999930 0.00000000099999999930 0.17658481218367011456 0.00000000099999999930 0.00000000099999999930 0.00000000099999999930 0.00000000099999999930 0.82341517781632977968 0.00000000099999999930 
0.00000000099999999931 0.00000000099999999931 0.00000000099999999931 0.00000000099999999931 0.00000000099999999931 0.17149668722470975957 0.00000000099999999931 0.00000000099999999931 0.00000000099999999931 0.00000000099999999931 0.82850330277529016243 0.00000000099999999931 
0.00000000099999999952 0.00000000099999999952 0.00000000099999999952 0.00000000099999999952 0.00000000099999999952 0.23680402109072012928 0.00000000099999999952 0.00000000099999999952 0.00000000099999999952 0.00000000099999999952 0.76319596890927976496 0.00000000099999999952 
0.00000000099999999952 0.00000000099999999952 0.00000000099999999952 0.00000000099999999952 0.00000000099999999952 0.21487787110171266414 0.00000000099999999952 0.00000000099999999952 0.00000000099999999952 0.00000000099999999952 0.78512211889828731337 0.00000000099999999952 
0.00000000099999999941 0.00000000099999999941 0.00000000099999999941 0.00000000099999999941 0.00000000099999999941 0.20187527296452492664 0.00000000099999999941 0.00000000099999999941 0.00000000099999999941 0.00000000099999999941 0.79812471703547516189 0.00000000099999999941 
0.00000000099999999929 0.00000000099999999929 0.00000000099999999929 0.00000000099999999929 0.00000000099999999929 0.16026492174115627987 0.00000000099999999929 0.00000000099999999929 0.00000000099999999929 0.00000000099999999929 0.83973506825884358662 0.00000000099999999929 
0.55035836269807614229 0.44964162730192414053 0.00000000099999999921 0.00000000099999999921 0.00000000099999999921 0.00000000099999999921 0.00000000099999999921 0.00000000099999999921 0.00000000099999999921 0.00000000099999999921 0.00000000099999999921 0.00000000099999999921 
0.23865778096423506671 0.76134220903576521611 0.00000000099999999931 0.00000000099999999931 0.00000000099999999931 0.00000000099999999931 0.00000000099999999931 0.00000000099999999931 0.00000000099999999931 0.00000000099999999931 0.00000000099999999931 0.00000000099999999931 
0.60344136231669609494 0.39655862768330418788 0.00000000099999999915 0.00000000099999999915 0.00000000099999999915 0.00000000099999999915 0.00000000099999999915 0.00000000099999999915 0.00000000099999999915 0.00000000099999999915 0.00000000099999999915 0.00000000099999999915 
0.60407266423786909471 0.39592732576213124362 0.00000000099999999928 0.00000000099999999928 0.00000000099999999928 0.00000000099999999928 0.00000000099999999928 0.00000000099999999928 0.00000000099999999928 0.00000000099999999928 0.00000000099999999928 0.00000000099999999928 
0.65755189919629264406 0.34244809080370763876 0.00000000099999999915 0.00000000099999999915 0.00000000099999999915 0.00000000099999999915 0.00000000099999999915 0.00000000099999999915 0.00000000099999999915 0.00000000099999999915 0.00000000099999999915 0.00000000099999999915 
0.32316066739828608334 0.67683932260171408846 0.00000000099999999914 0.00000000099999999914 0.00000000099999999914 0.00000000099999999914 0.00000000099999999914 0.00000000099999999914 0.00000000099999999914 0.00000000099999999914 0.00000000099999999914 0.00000000099999999914 
0.84678533693616120370 0.15321465306383907912 0.00000000099999999910 0.00000000099999999910 0.00000000099999999910 0.00000000099999999910 0.00000000099999999910 0.00000000099999999910 0.00000000099999999910 0.00000000099999999910 0.00000000099999999910 0.00000000099999999910 
0.83736601117357989388 0.16263397882642044445 0.00000000099999999943 0.00000000099999999943 0.00000000099999999943 0.00000000099999999943 0.00000000099999999943 0.00000000099999999943 0.00000000099999999943 0.00000000099999999943 0.00000000099999999943 0.00000000099999999943 
0.53420349640906217292 0.44897036529073458544 0.00000000099999999941 0.00000000099999999941 0.00000000099999999941 0.01682612930020338862 0.00000000099999999941 0.00000000099999999941 0.00000000099999999941 0.00000000099999999941 0.00000000099999999941 0.00000000099999999941 
0.58246327547824139348 0.40199806986575392642 0.00000000099999999943 0.00000000099999999943 0.00000000099999999943 0.01553864565600489127 0.00000000099999999943 0.00000000099999999943 0.00000000099999999943 0.00000000099999999943 0.00000000099999999943 0.00000000099999999943 
0.69098763746997504676 0.30901235253002529157 0.00000000099999999920 0.00000000099999999920 0.00000000099999999920 0.00000000099999999920 0.00000000099999999920 0.00000000099999999920 0.00000000099999999920 0.00000000099999999920 0.00000000099999999920 0.00000000099999999920 
0.00000000099999999864 0.00000000099999999864 0.00000000099999999864 0.00000000099999999864 0.00000000099999999864 0.00000000099999999864 0.00000000099999999864 0.00000000099999999864 0.99999998899999986701 0.00000000099999999864 0.00000000099999999864 0.00000000099999999864 
0.00000000099999999864 0.00000000099999999864 0.00000000099999999864 0.00000000099999999864 0.00000000099999999864 0.00000000099999999864 0.00000000099999999864 0.00000000099999999864 0.99999998899999986701 0.00000000099999999864 0.00000000099999999864 0.00000000099999999864 
0.00000000099999999842 0.00000000099999999842 0.00000000099999999842 0.00000000099999999842 0.00000000099999999842 0.00000000099999999842 0.00000000099999999842 0.00000000099999999842 0.99999998899999986701 0.00000000099999999842 0.00000000099999999842 0.00000000099999999842 
0.00000000099999999859 0.00000000099999999859 0.00000000099999999859 0.00000000099999999859 0.00000000099999999859 0.00000000099999999859 0.00000000099999999859 0.00000000099999999859 0.99999998899999997803 0.00000000099999999859 0.00000000099999999859 0.00000000099999999859 
0.00000000099999999853 0.00000000099999999853 0.00000000099999999853 0.00000000099999999853 0.00000000099999999853 0.00000000099999999853 0.00000000099999999853 0.00000000099999999853 0.99999998899999997803 0.00000000099999999853 0.00000000099999999853 0.00000000099999999853 
0.00000000099999999839 0.00000000099999999839 0.00000000099999999839 0.00000000099999999839 0.00000000099999999839 0.00000000099999999839 0.00000000099999999839 0.00000000099999999839 0.99999998899999986701 0.00000000099999999839 0.00000000099999999839 0.00000000099999999839 
0.00000000099999999847 0.00000000099999999847 0.00000000099999999847 0.00000000099999999847 0.00000000099999999847 0.00000000099999999847 0.00000000099999999847 0.00000000099999999847 0.99999998899999997803 0.00000000099999999847 0.00000000099999999847 0.00000000099999999847 
0.00000000099999999866 0.00000000099999999866 0.00000000099999999866 0.00000000099999999866 0.00000000099999999866 0.00000000099999999866 0.00000000099999999866 0.00000000099999999866 0.99999998899999997803 0.00000000099999999866 0.00000000099999999866 0.00000000099999999866 
0.00000000099999999832 0.00000000099999999832 0.00000000099999999832 0.00000000099999999832 0.00000000099999999832 0.00000000099999999832 0.00000000099999999832 0.00000000099999999832 0.99999998899999986701 0.00000000099999999832 0.00000000099999999832 0.00000000099999999832 
0.00000000099999999837 0.00000000099999999837 0.00000000099999999837 0.00000000099999999837 0.00000000099999999837 0.00000000099999999837 0.00000000099999999837 0.00000000099999999837 0.99999998899999986701 0.00000000099999999837 0.00000000099999999837 0.00000000099999999837 
0.00000000099999999851 0.00000000099999999851 0.00000000099999999851 0.00000000099999999851 0.00000000099999999851 0.00000000099999999851 0.00000000099999999851 0.00000000099999999851 0.99999998899999986701 0.00000000099999999851 0.00000000099999999851 0.00000000099999999851 
0.00000000099999999868 0.00000000099999999868 0.00000000099999999868 0.00000000099999999868 0.00000000099999999868 0.99999998900000008906 0.00000000099999999868 0.00000000099999999868 0.00000000099999999868 0.00000000099999999868 0.00000000099999999868 0.00000000099999999868 
0.00000000099999999879 0.00000000099999999879 0.00000000099999999879 0.00000000099999999879 0.00000000099999999879 0.99999998900000008906 0.00000000099999999879 0.00000000099999999879 0.00000000099999999879 0.00000000099999999879 0.00000000099999999879 0.00000000099999999879 
0.00000000099999999876 0.00000000099999999876 0.00000000099999999876 0.00000000099999999876 0.00000000099999999876 0.99999998900000008906 0.00000000099999999876 0.00000000099999999876 0.00000000099999999876 0.00000000099999999876 0.00000000099999999876 0.00000000099999999876 
0.00000000099999999884 0.00000000099999999884 0.00000000099999999884 0.00000000099999999884 0.00000000099999999884 0.99999998899999997803 0.00000000099999999884 0.00000000099999999884 0.00000000099999999884 0.00000000099999999884 0.00000000099999999884 0.00000000099999999884 
0.00000000099999999873 0.00000000099999999873 0.00000000099999999873 0.00000000099999999873 0.00000000099999999873 0.99999998900000008906 0.00000000099999999873 0.00000000099999999873 0.00000000099999999873 0.00000000099999999873 0.00000000099999999873 0.00000000099999999873 
0.00000000099999999891 0.00000000099999999891 0.00000000099999999891 0.00000000099999999891 0.00000000099999999891 0.99999998899999997803 0.00000000099999999891 0.00000000099999999891 0.00000000099999999891 0.00000000099999999891 0.00000000099999999891 0.00000000099999999891 
0.00000000099999999878 0.00000000099999999878 0.00000000099999999878 0.00000000099999999878 0.00000000099999999878 0.99999998899999997803 0.00000000099999999878 0.00000000099999999878 0.00000000099999999878 0.00000000099999999878 0.00000000099999999878 0.00000000099999999878 
0.00000000099999999884 0.00000000099999999884 0.00000000099999999884 0.00000000099999999884 0.00000000099999999884 0.99999998899999997803 0.00000000099999999884 0.00000000099999999884 0.00000000099999999884 0.00000000099999999884 0.00000000099999999884 0.00000000099999999884 
0.00000000099999999873 0.00000000099999999873 0.00000000099999999873 0.00000000099999999873 0.00000000099999999873 0.99999998899999997803 0.00000000099999999873 0.00000000099999999873 0.00000000099999999873 0.00000000099999999873 0.00000000099999999873 0.00000000099999999873 
0.00000000099999999876 0.00000000099999999876 0.00000000099999999876 0.00000000099999999876 0.00000000099999999876 0.99999998899999997803 0.00000000099999999876 0.00000000099999999876 0.00000000099999999876 0.00000000099999999876 0.00000000099999999876 0.00000000099999999876 
0.00000000099999999874 0.00000000099999999874 0.00000000099999999874 0.00000000099999999874 0.00000000099999999874 0.99999998899999997803 0.00000000099999999874 0.00000000099999999874 0.00000000099999999874 0.00000000099999999874 0.00000000099999999874 0.00000000099999999874 
0.00000000099999999868 0.00000000099999999868 0.00000000099999999868 0.00000000099999999868 0.00000000099999999868 0.99999998899999997803 0.00000000099999999868 0.00000000099999999868 0.00000000099999999868 0.00000000099999999868 0.00000000099999999868 0.00000000099999999868 
0.00000000099999999879 0.00000000099999999879 0.00000000099999999879 0.00000000099999999879 0.00000000099999999879 0.99999998900000008906 0.00000000099999999879 0.00000000099999999879 0.00000000099999999879 0.00000000099999999879 0.00000000099999999879 0.00000000099999999879 
0.00000000099999999874 0.00000000099999999874 0.00000000099999999874 0.00000000099999999874 0.00000000099999999874 0.99999998899999997803 0.00000000099999999874 0.00000000099999999874 0.00000000099999999874 0.00000000099999999874 0.00000000099999999874 0.00000000099999999874 
0.00000000099999999863 0.00000000099999999863 0.00000000099999999863 0.00000000099999999863 0.00000000099999999863 0.99999998899999997803 0.00000000099999999863 0.00000000099999999863 0.00000000099999999863 0.00000000099999999863 0.00000000099999999863 0.00000000099999999863 
0.00000000099999999901 0.00000000099999999901 0.00000000099999999901 0.00000000099999999901 0.00000000099999999901 0.99999998900000020008 0.00000000099999999901 0.00000000099999999901 0.00000000099999999901 0.00000000099999999901 0.00000000099999999901 0.00000000099999999901 
0.00000000099999999875 0.00000000099999999875 0.00000000099999999875 0.00000000099999999875 0.00000000099999999875 0.99999998899999997803 0.00000000099999999875 0.00000000099999999875 0.00000000099999999875 0.00000000099999999875 0.00000000099999999875 0.00000000099999999875 
0.00000000099999999870 0.00000000099999999870 0.00000000099999999870 0.00000000099999999870 0.00000000099999999870 0.99999998899999997803 0.00000000099999999870 0.00000000099999999870 0.00000000099999999870 0.00000000099999999870 0.00000000099999999870 0.00000000099999999870 
0.99999998900000020008 0.00000000099999999878 0.00000000099999999878 0.00000000099999999878 0.00000000099999999878 0.00000000099999999878 0.00000000099999999878 0.00000000099999999878 0.00000000099999999878 0.00000000099999999878 0.00000000099999999878 0.00000000099999999878 
0.54956627221508724812 0.45043371778491292368 0.00000000099999999903 0.00000000099999999903 0.00000000099999999903 0.00000000099999999903 0.00000000099999999903 0.00000000099999999903 0.00000000099999999903 0.00000000099999999903 0.00000000099999999903 0.00000000099999999903 
0.06376894205645461389 0.00000000099999999970 0.00000000099999999970 0.00000000099999999970 0.00000000099999999970 0.00000000099999999970 0.00000000099999999970 0.00000000099999999970 0.26581664649889036323 0.21948081753773954206 0.43768705422043729936 0.01324653268647828230 
0.06780291002790461707 0.00000000099999999981 0.00000000099999999981 0.00000000099999999981 0.00000000099999999981 0.00000000099999999981 0.00000000099999999981 0.00000000099999999981 0.25744402687631529059 0.22342934041515383203 0.43473318735771049326 0.01659052832291560420 
0.07550199701515036832 0.00000000099999999964 0.00000000099999999964 0.00000000099999999964 0.00000000099999999964 0.00000000099999999964 0.00000000099999999964 0.00000000099999999964 0.25953779823829536966 0.22468107035588849585 0.42890348819584589446 0.01137563919481983030 
0.06054330097007409872 0.00000000099999999981 0.00000000099999999981 0.00000000099999999981 0.00000000099999999981 0.13178879196193821199 0.00000000099999999981 0.00000000099999999981 0.00000000099999999981 0.00000000099999999981 0.74791282764475430778 0.05975507142323351062 
0.00000000099999999969 0.00000000099999999969 0.00000000099999999969 0.00000000099999999969 0.00000000099999999969 0.24920324274390978636 0.00000000099999999969 0.00000000099999999969 0.00000000099999999969 0.00000000099999999969 0.68395396730873891933 0.06684278094735134068 
0.02613906563311832118 0.00000000099999999958 0.00000000099999999958 0.00000000099999999958 0.00000000099999999958 0.19575227795623409421 0.00000000099999999958 0.00000000099999999958 0.00000000099999999958 0.00000000099999999958 0.70051115469506120004 0.07759749371558637143 
0.00000000099999999934 0.00000000099999999934 0.00000000099999999934 0.00000000099999999934 0.00000000099999999934 0.15417948994139057950 0.00000000099999999934 0.00000000099999999934 0.00000000099999999934 0.00000000099999999934 0.84582050005860931474 0.00000000099999999934 
0.00000000099999999932 0.00000000099999999932 0.00000000099999999932 0.00000000099999999932 0.00000000099999999932 0.07803366833270089509 0.00000000099999999932 0.00000000099999999932 0.00000000099999999932 0.00000000099999999932 0.92196632166729919344 0.00000000099999999932 
0.00000000099999999923 0.00000000099999999923 0.00000000099999999923 0.00000000099999999923 0.00000000099999999923 0.14138150287669315475 0.00000000099999999923 0.00000000099999999923 0.00000000099999999923 0.00000000099999999923 0.85861848712330679501 0.00000000099999999923 
0.00000000099999999919 0.00000000099999999919 0.00000000099999999919 0.00000000099999999919 0.00000000099999999919 0.14804011350654053270 0.00000000099999999919 0.00000000099999999919 0.00000000099999999919 0.00000000099999999919 0.85195987649345950032 0.00000000099999999919 
0.00000000099999999928 0.00000000099999999928 0.00000000099999999928 0.00000000099999999928 0.00000000099999999928 0.13501694159786956084 0.00000000099999999928 0.00000000099999999928 0.00000000099999999928 0.00000000099999999928 0.86498304840213047218 0.00000000099999999928 
0.00000000099999999963 0.00000000099999999963 0.00000000099999999963 0.00000000099999999963 0.00000000099999999963 0.19522628425713012268 0.00000000099999999963 0.01316952489308389346 0.00000000099999999963 0.00000000099999999963 0.79160418184978598166 0.00000000099999999963 
0.00000000099999999932 0.00000000099999999932 0.00000000099999999932 0.00000000099999999932 0.00000000099999999932 0.12152389878226108055 0.00000000099999999932 0.00000000099999999932 0.00000000099999999932 0.00000000099999999932 0.87847609121773895247 0.00000000099999999932 
0.00000000099999999926 0.00000000099999999926 0.00000000099999999926 0.00000000099999999926 0.00000000099999999926 0.23772105841756249744 0.00000000099999999926 0.00000000099999999926 0.00000000099999999926 0.00000000099999999926 0.76227893158243753557 0.00000000099999999926 
0.00000000099999999938 0.00000000099999999938 0.00000000099999999938 0.00000000099999999938 0.00000000099999999938 0.16493898406351131802 0.00000000099999999938 0.00000000099999999938 0.00000000099999999938 0.00000000099999999938 0.83506100593648868724 0.00000000099999999938 
0.00000000099999999942 0.00000000099999999942 0.00000000099999999942 0.00000000099999999942 0.00000000099999999942 0.16925010442677598799 0.00000000099999999942 0.00000000099999999942 0.00000000099999999942 0.00000000099999999942 0.83074988557322393401 0.00000000099999999942 
0.00000000099999999943 0.00000000099999999943 0.00000000099999999943 0.00000000099999999943 0.00000000099999999943 0.17507066467245205321 0.00000000099999999943 0.00000000099999999943 0.00000000099999999943 0.00000000099999999943 0.82492932532754792430 0.00000000099999999943 
0.00000000099999999939 0.00000000099999999939 0.00000000099999999939 0.00000000099999999939 0.00000000099999999939 0.20001812952166309056 0.00000000099999999939 0.00000000099999999939 0.00000000099999999939 0.00000000099999999939 0.79998186047833674817 0.00000000099999999939 
0.08007719801296728224 0.11189995497127261381 0.00012773047102034453 0.00000000099999999987 0.00000000099999999987 0.02924187133898545690 0.02441584007569848336 0.00000000099999999987 0.00000000099999999987 0.00000000099999999987 0.74996653083887487856 0.00427086929118100731 
0.02348936988859346223 0.08304032146970739825 0.00000000099999999982 0.00000000099999999982 0.00000000099999999982 0.06351661050465004510 0.01393475441435543770 0.00000000099999999982 0.00000000099999999982 0.00000000099999999982 0.81601893672269354418 0.00000000099999999982 
0.00024166606084101297 0.10749331763132902173 0.00000000099999999983 0.00000000099999999983 0.00000000099999999983 0.11600190186709392892 0.00000000099999999983 0.00000000099999999983 0.00000000099999999983 0.00000000099999999983 0.77626310644073592826 0.00000000099999999983 
0.18975698431268583910 0.14778380651720926520 0.00000000099999999985 0.00000000099999999985 0.00000000099999999985 0.02623420857226618427 0.03420000239665451497 0.00000000099999999985 0.00655518206145569698 0.00000000099999999985 0.59546981013972843932 0.00000000099999999985 
0.18729784234238175400 0.14075226550112368562 0.00000000099999999990 0.00000000099999999990 0.00000000099999999990 0.00425385220355479696 0.01169970490579664082 0.00000000099999999990 0.00000000099999999990 0.00000000099999999990 0.65599632804714280709 0.00000000099999999990 
0.01322974693869712580 0.06002458227042706262 0.02531449776353485517 0.00000000099999999994 0.00000000099999999994 0.07184455907910070049 0.01259549840272272507 0.00000000099999999994 0.00794824618700058945 0.01640898939012638835 0.79263387596839063320 0.00000000099999999994 
0.18949641864791258450 0.15425221922692997079 0.00000000099999999985 0.00000000099999999985 0.00000000099999999985 0.01778459183451562217 0.03885991653663189993 0.00000000099999999985 0.00000021690864512650 0.00000000099999999985 0.59960663084536469647 0.00000000099999999985 
0.00000000099999999991 0.06938713628147483159 0.00000000099999999991 0.00000000099999999991 0.00000000099999999991 0.09150700392734971433 0.00000000099999999991 0.00000000099999999991 0.00000000099999999991 0.00000000099999999991 0.83910585079117538942 0.00000000099999999991 
0.00000000099999999855 0.00000000099999999855 0.00000000099999999855 0.99999998899999997803 0.00000000099999999855 0.00000000099999999855 0.00000000099999999855 0.00000000099999999855 0.00000000099999999855 0.00000000099999999855 0.00000000099999999855 0.00000000099999999855 
0.00000000099999999842 0.00000000099999999842 0.00000000099999999842 0.99999998900000008906 0.00000000099999999842 0.00000000099999999842 0.00000000099999999842 0.00000000099999999842 0.00000000099999999842 0.00000000099999999842 0.00000000099999999842 0.00000000099999999842 
0.00000000099999999847 0.00000000099999999847 0.00000000099999999847 0.99999998899999997803 0.00000000099999999847 0.00000000099999999847 0.00000000099999999847 0.00000000099999999847 0.00000000099999999847 0.00000000099999999847 0.00000000099999999847 0.00000000099999999847 
0.00000000099999999849 0.00000000099999999849 0.00000000099999999849 0.99999998900000008906 0.00000000099999999849 0.00000000099999999849 0.00000000099999999849 0.00000000099999999849 0.00000000099999999849 0.00000000099999999849 0.00000000099999999849 0.00000000099999999849 
0.00000000099999999850 0.00000000099999999850 0.00000000099999999850 0.99999998900000008906 0.00000000099999999850 0.00000000099999999850 0.00000000099999999850 0.00000000099999999850 0.00000000099999999850 0.00000000099999999850 0.00000000099999999850 0.00000000099999999850 
0.00000000099999999856 0.00000000099999999856 0.00000000099999999856 0.99999998899999997803 0.00000000099999999856 0.00000000099999999856 0.00000000099999999856 0.00000000099999999856 0.00000000099999999856 0.00000000099999999856 0.00000000099999999856 0.00000000099999999856 
0.00000000099999999841 0.00000000099999999841 0.00000000099999999841 0.99999998900000008906 0.00000000099999999841 0.00000000099999999841 0.00000000099999999841 0.00000000099999999841 0.00000000099999999841 0.00000000099999999841 0.00000000099999999841 0.00000000099999999841 
0.00000000099999999844 0.00000000099999999844 0.00000000099999999844 0.99999998900000008906 0.00000000099999999844 0.00000000099999999844 0.00000000099999999844 0.00000000099999999844 0.00000000099999999844 0.00000000099999999844 0.00000000099999999844 0.00000000099999999844 
0.00000000099999999838 0.00000000099999999838 0.00000000099999999838 0.99999998899999997803 0.00000000099999999838 0.00000000099999999838 0.00000000099999999838 0.00000000099999999838 0.00000000099999999838 0.00000000099999999838 0.00000000099999999838 0.00000000099999999838 
0.00000000099999999837 0.00000000099999999837 0.00000000099999999837 0.99999998899999997803 0.00000000099999999837 0.00000000099999999837 0.00000000099999999837 0.00000000099999999837 0.00000000099999999837 0.00000000099999999837 0.00000000099999999837 0.00000000099999999837 
0.00000000099999999864 0.00000000099999999864 0.00000000099999999864 0.99999998899999997803 0.00000000099999999864 0.00000000099999999864 0.00000000099999999864 0.00000000099999999864 0.00000000099999999864 0.00000000099999999864 0.00000000099999999864 0.00000000099999999864 
0.00000000099999999848 0.00000000099999999848 0.00000000099999999848 0.99999998899999997803 0.00000000099999999848 0.00000000099999999848 0.00000000099999999848 0.00000000099999999848 0.00000000099999999848 0.00000000099999999848 0.00000000099999999848 0.00000000099999999848 
0.00000000099999999839 0.00000000099999999839 0.00000000099999999839 0.99999998900000008906 0.00000000099999999839 0.00000000099999999839 0.00000000099999999839 0.00000000099999999839 0.00000000099999999839 0.00000000099999999839 0.00000000099999999839 0.00000000099999999839 
0.00000000099999999857 0.00000000099999999857 0.00000000099999999857 0.99999998899999997803 0.00000000099999999857 0.00000000099999999857 0.00000000099999999857 0.00000000099999999857 0.00000000099999999857 0.00000000099999999857 0.00000000099999999857 0.00000000099999999857 
0.00000000099999999861 0.00000000099999999861 0.00000000099999999861 0.99999998900000008906 0.00000000099999999861 0.00000000099999999861 0.00000000099999999861 0.00000000099999999861 0.00000000099999999861 0.00000000099999999861 0.00000000099999999861 0.00000000099999999861 
0.00000000099999999852 0.00000000099999999852 0.00000000099999999852 0.99999998899999997803 0.00000000099999999852 0.00000000099999999852 0.00000000099999999852 0.00000000099999999852 0.00000000099999999852 0.00000000099999999852 0.00000000099999999852 0.00000000099999999852 
0.05644235453725703067 0.06331553405342039975 0.00000000099999999994 0.00000000099999999994 0.00000000099999999994 0.05942858222490957770 0.02033998058323793420 0.00418471064364919418 0.01151514352291456607 0.00000000099999999994 0.76632979772036513566 0.01844389271424611010 
0.00000000099999999949 0.00000000099999999949 0.00000000099999999949 0.00000000099999999949 0.00000000099999999949 0.25077632931521381954 0.00000000099999999949 0.00000000099999999949 0.00000000099999999949 0.00000000099999999949 0.74922366068478596368 0.00000000099999999949 
0.00000000099999999976 0.00000000099999999976 0.00000000099999999976 0.00000000099999999976 0.00000000099999999976 0.24533592243629012697 0.00000000099999999976 0.00000000099999999976 0.00000000099999999976 0.00000000099999999976 0.75466406756370985054 0.00000000099999999976 
0.99999998900000020008 0.00000000099999999922 0.00000000099999999922 0.00000000099999999922 0.00000000099999999922 0.00000000099999999922 0.00000000099999999922 0.00000000099999999922 0.00000000099999999922 0.00000000099999999922 0.00000000099999999922 0.00000000099999999922 
0.39750485469305235631 0.00000000099999999938 0.00000000099999999938 0.00000000099999999938 0.00000000099999999938 0.00000000099999999938 0.00000000099999999938 0.00000000099999999938 0.00000000099999999938 0.00000000099999999938 0.00000000099999999938 0.60249513530694731589 
0.99999998900000020008 0.00000000099999999919 0.00000000099999999919 0.00000000099999999919 0.00000000099999999919 0.00000000099999999919 0.00000000099999999919 0.00000000099999999919 0.00000000099999999919 0.00000000099999999919 0.00000000099999999919 0.00000000099999999919 
0.99999998900000031110 0.00000000099999999920 0.00000000099999999920 0.00000000099999999920 0.00000000099999999920 0.00000000099999999920 0.00000000099999999920 0.00000000099999999920 0.00000000099999999920 0.00000000099999999920 0.00000000099999999920 0.00000000099999999920 
0.99999998900000020008 0.00000000099999999926 0.00000000099999999926 0.00000000099999999926 0.00000000099999999926 0.00000000099999999926 0.00000000099999999926 0.00000000099999999926 0.00000000099999999926 0.00000000099999999926 0.00000000099999999926 0.00000000099999999926 
0.99999998900000020008 0.00000000099999999939 0.00000000099999999939 0.00000000099999999939 0.00000000099999999939 0.00000000099999999939 0.00000000099999999939 0.00000000099999999939 0.00000000099999999939 0.00000000099999999939 0.00000000099999999939 0.00000000099999999939 
0.00000000099999999870 0.00000000099999999870 0.00000000099999999870 0.00000000099999999870 0.00000000099999999870 0.00000000099999999870 0.00000000099999999870 0.99999998899999997803 0.00000000099999999870 0.00000000099999999870 0.00000000099999999870 0.00000000099999999870 
0.00000000099999999852 0.00000000099999999852 0.00000000099999999852 0.00000000099999999852 0.00000000099999999852 0.00000000099999999852 0.00000000099999999852 0.99999998899999986701 0.00000000099999999852 0.00000000099999999852 0.00000000099999999852 0.00000000099999999852 
0.00000000099999999849 0.00000000099999999849 0.00000000099999999849 0.00000000099999999849 0.00000000099999999849 0.00000000099999999849 0.00000000099999999849 0.99999998899999997803 0.00000000099999999849 0.00000000099999999849 0.00000000099999999849 0.00000000099999999849 
0.00000000099999999841 0.00000000099999999841 0.00000000099999999841 0.00000000099999999841 0.00000000099999999841 0.00000000099999999841 0.00000000099999999841 0.99999998899999997803 0.00000000099999999841 0.00000000099999999841 0.00000000099999999841 0.00000000099999999841 
0.00000000099999999836 0.00000000099999999836 0.00000000099999999836 0.00000000099999999836 0.00000000099999999836 0.00000000099999999836 0.00000000099999999836 0.99999998899999997803 0.00000000099999999836 0.00000000099999999836 0.00000000099999999836 0.00000000099999999836 
0.00000000099999999854 0.00000000099999999854 0.00000000099999999854 0.00000000099999999854 0.00000000099999999854 0.00000000099999999854 0.00000000099999999854 0.99999998899999986701 0.00000000099999999854 0.00000000099999999854 0.00000000099999999854 0.00000000099999999854 
0.00000000099999999844 0.00000000099999999844 0.00000000099999999844 0.00000000099999999844 0.00000000099999999844 0.00000000099999999844 0.00000000099999999844 0.99999998899999997803 0.00000000099999999844 0.00000000099999999844 0.00000000099999999844 0.00000000099999999844 
0.00000000099999999850 0.00000000099999999850 0.00000000099999999850 0.00000000099999999850 0.00000000099999999850 0.00000000099999999850 0.00000000099999999850 0.99999998899999997803 0.00000000099999999850 0.00000000099999999850 0.00000000099999999850 0.00000000099999999850 
0.00000000099999999878 0.00000000099999999878 0.00000000099999999878 0.00000000099999999878 0.00000000099999999878 0.00000000099999999878 0.00000000099999999878 0.99999998899999986701 0.00000000099999999878 0.00000000099999999878 0.00000000099999999878 0.00000000099999999878 
0.00000000099999999848 0.00000000099999999848 0.00000000099999999848 0.00000000099999999848 0.00000000099999999848 0.00000000099999999848 0.00000000099999999848 0.99999998899999997803 0.00000000099999999848 0.00000000099999999848 0.00000000099999999848 0.00000000099999999848 
0.00000000099999999834 0.00000000099999999834 0.00000000099999999834 0.00000000099999999834 0.00000000099999999834 0.00000000099999999834 0.00000000099999999834 0.99999998899999986701 0.00000000099999999834 0.00000000099999999834 0.00000000099999999834 0.00000000099999999834 
0.00000000099999999844 0.00000000099999999844 0.00000000099999999844 0.00000000099999999844 0.00000000099999999844 0.00000000099999999844 0.00000000099999999844 0.99999998899999986701 0.00000000099999999844 0.00000000099999999844 0.00000000099999999844 0.00000000099999999844 
0.00000000099999999828 0.00000000099999999828 0.00000000099999999828 0.00000000099999999828 0.00000000099999999828 0.00000000099999999828 0.00000000099999999828 0.00000000099999999828 0.00000000099999999828 0.99999998899999986701 0.00000000099999999828 0.00000000099999999828 
0.00000000099999999789 0.00000000099999999789 0.00000000099999999789 0.00000000099999999789 0.00000000099999999789 0.00000000099999999789 0.00000000099999999789 0.00000000099999999789 0.00000000099999999789 0.99999998899999975599 0.00000000099999999789 0.00000000099999999789 
0.00000000099999999835 0.00000000099999999835 0.00000000099999999835 0.00000000099999999835 0.00000000099999999835 0.00000000099999999835 0.00000000099999999835 0.00000000099999999835 0.00000000099999999835 0.99999998899999997803 0.00000000099999999835 0.00000000099999999835 
0.00000000099999999800 0.00000000099999999800 0.00000000099999999800 0.00000000099999999800 0.00000000099999999800 0.00000000099999999800 0.00000000099999999800 0.00000000099999999800 0.00000000099999999800 0.99999998899999997803 0.00000000099999999800 0.00000000099999999800 
0.00000000099999999810 0.00000000099999999810 0.00000000099999999810 0.00000000099999999810 0.00000000099999999810 0.00000000099999999810 0.00000000099999999810 0.00000000099999999810 0.00000000099999999810 0.99999998899999997803 0.00000000099999999810 0.00000000099999999810 
0.00000000099999999807 0.00000000099999999807 0.00000000099999999807 0.00000000099999999807 0.00000000099999999807 0.00000000099999999807 0.00000000099999999807 0.00000000099999999807 0.00000000099999999807 0.99999998899999997803 0.00000000099999999807 0.00000000099999999807 
0.00000000099999999916 0.00000000099999999916 0.00000000099999999916 0.00000000099999999916 0.00000000099999999916 0.00000000099999999916 0.00000000099999999916 0.00000000099999999916 0.00000000099999999916 0.99999998899999997803 0.00000000099999999916 0.00000000099999999916 
0.00000000099999999812 0.00000000099999999812 0.00000000099999999812 0.00000000099999999812 0.00000000099999999812 0.00000000099999999812 0.00000000099999999812 0.00000000099999999812 0.00000000099999999812 0.99999998899999986701 0.00000000099999999812 0.00000000099999999812 
0.00000000099999999813 0.00000000099999999813 0.00000000099999999813 0.00000000099999999813 0.00000000099999999813 0.00000000099999999813 0.00000000099999999813 0.00000000099999999813 0.00000000099999999813 0.99999998899999997803 0.00000000099999999813 0.00000000099999999813 
0.00000000099999999823 0.00000000099999999823 0.00000000099999999823 0.00000000099999999823 0.00000000099999999823 0.00000000099999999823 0.00000000099999999823 0.00000000099999999823 0.00000000099999999823 0.99999998899999986701 0.00000000099999999823 0.00000000099999999823 
0.00000000099999999813 0.00000000099999999813 0.00000000099999999813 0.00000000099999999813 0.00000000099999999813 0.00000000099999999813 0.00000000099999999813 0.00000000099999999813 0.00000000099999999813 0.99999998899999986701 0.00000000099999999813 0.00000000099999999813 
0.00000000099999999893 0.62021192733275598563 0.00000000099999999893 0.00000000099999999893 0.00000000099999999893 0.00000000099999999893 0.00000000099999999893 0.00000000099999999893 0.00000000099999999893 0.00000000099999999893 0.00000000099999999893 0.37978806266724418617 
0.00000000099999999903 0.41510237231906516042 0.00000000099999999903 0.00000000099999999903 0.00000000099999999903 0.00000000099999999903 0.00000000099999999903 0.00000000099999999903 0.00000000099999999903 0.00000000099999999903 0.00000000099999999903 0.58489761768093451177 
0.00000000099999999901 0.41014631465126805132 0.00000000099999999901 0.00000000099999999901 0.00000000099999999901 0.00000000099999999901 0.00000000099999999901 0.00000000099999999901 0.00000000099999999901 0.00000000099999999901 0.00000000099999999901 0.58985367534873167639 
0.00000000099999999900 0.76461177297637372696 0.00000000099999999900 0.00000000099999999900 0.00000000099999999900 0.00000000099999999900 0.00000000099999999900 0.00000000099999999900 0.00000000099999999900 0.00000000099999999900 0.00000000099999999900 0.23538821702362655586 
