0.00000000099999999925 0.07377382144715848022 0.00000000099999999925 0.00000000099999999925 0.00000000099999999925 0.00000000099999999925 0.70916357333039425903 0.00000000099999999925 0.00000000099999999925 0.00000000099999999925 0.00000000099999999925 0.00000000099999999925 0.00000000099999999925 0.00000000099999999925 0.21706259122244750404 0.00000000099999999925 0.00000000099999999925 
0.00000000099999999932 0.12713195394862217280 0.00000000099999999932 0.00000000099999999932 0.00000000099999999932 0.00000000099999999932 0.69288780923704795800 0.00000000099999999932 0.00000000099999999932 0.00000000099999999932 0.00000000099999999932 0.00000000099999999932 0.00000000099999999932 0.00000000099999999932 0.17998022281433015412 0.00000000099999999932 0.00000000099999999932 
0.00000000099999999940 0.11901390119981165860 0.00000000099999999940 0.00000000099999999940 0.00000000099999999940 0.00000000099999999940 0.69716801334216482733 0.00000000099999999940 0.00000000099999999940 0.00000000099999999940 0.00000000099999999940 0.00000000099999999940 0.00000000099999999940 0.00000000099999999940 0.18381807145802367409 0.00000000099999999940 0.00000000099999999940 
0.00000000099999999942 0.12919886289056592421 0.00000000099999999942 0.00000000099999999942 0.00000000099999999942 0.00000000099999999942 0.68656269430863237080 0.00000000099999999942 0.00000000099999999942 0.00000000099999999942 0.00000000099999999942 0.00000000099999999942 0.00000000099999999942 0.00000000099999999942 0.18423842880080176787 0.00000000099999999942 0.00000000099999999942 
0.00000000099999999956 0.09851964040165159253 0.00000000099999999956 0.00000000099999999956 0.00000000099999999956 0.00000000099999999956 0.67719658023793305457 0.00000000099999999956 0.01447807950759239480 0.00000000099999999956 0.00000000099999999956 0.00000000099999999956 0.00000000099999999956 0.00000000099999999956 0.20980568685282319219 0.00000000099999999956 0.00000000099999999956 
0.00000000099999999958 0.13321913931354326111 0.00000000099999999958 0.00000000099999999958 0.00000000099999999958 0.00000000099999999958 0.63294220124502342806 0.00000000099999999958 0.02011160553294101885 0.00000000099999999958 0.00000000099999999958 0.00000000099999999958 0.00000000099999999958 0.00000000099999999958 0.21372704090849253822 0.00000000099999999958 0.00000000099999999958 
0.00000000099999999949 0.13929911809872511097 0.00000000099999999949 0.00000000099999999949 0.00000000099999999949 0.00000000099999999949 0.65124904302402453204 0.00000000099999999949 0.00000000099999999949 0.00000000099999999949 0.00000000099999999949 0.00000000099999999949 0.00000000099999999949 0.00000000099999999949 0.20945182487725058640 0.00000000099999999949 0.00000000099999999949 
0.00000000099999999943 0.09376397604548646070 0.00000000099999999943 0.00000000099999999943 0.00000000099999999943 0.00000000099999999943 0.66557148280790146000 0.00000000099999999943 0.00291228134546625507 0.00000000099999999943 0.00000000099999999943 0.00000000099999999943 0.00000000099999999943 0.00000000099999999943 0.23775224680114595555 0.00000000099999999943 0.00000000099999999943 
0.00000000099999999932 0.12569809455234032258 0.00000000099999999932 0.00000000099999999932 0.00000000099999999932 0.00000000099999999932 0.68528640050466016476 0.00000000099999999932 0.00001584031778738426 0.00000000099999999932 0.00000000099999999932 0.00000000099999999932 0.00000000099999999932 0.00000000099999999932 0.18899965162521248363 0.00000000099999999932 0.00000000099999999932 
0.00000000099999999944 0.11601626877138027094 0.00000000099999999944 0.00000000099999999944 0.00000000099999999944 0.00000000099999999944 0.68446850935426517548 0.00000000099999999944 0.00000000099999999944 0.00000000099999999944 0.00000000099999999944 0.00000000099999999944 0.00000000099999999944 0.00000000099999999944 0.19951520787435481075 0.00000000099999999944 0.00000000099999999944 
0.00000000099999999944 0.08593453953775380405 0.00000000099999999944 0.00000000099999999944 0.00000000099999999944 0.00000000099999999944 0.69154946102620851178 0.00000000099999999944 0.00000000099999999944 0.00000000099999999944 0.00000000099999999944 0.00000000099999999944 0.00000000099999999944 0.00000000099999999944 0.22251598543603798297 0.00000000099999999944 0.00000000099999999944 
0.00000000099999999959 0.10127145315047590690 0.00000000099999999959 0.00000000099999999959 0.00000000099999999959 0.00000000099999999959 0.69080069915110864365 0.00000000099999999959 0.00000000099999999959 0.00000000099999999959 0.00000000099999999959 0.00000000099999999959 0.00000000099999999959 0.00000000099999999959 0.20792783369841563723 0.00000000099999999959 0.00000000099999999959 
0.00000000099999999923 0.11143237757688873035 0.00000000099999999923 0.00000000099999999923 0.00000000099999999923 0.00000000099999999923 0.66616042492255567176 0.00000000099999999923 0.00000000099999999923 0.00000000099999999923 0.00000000099999999923 0.00000000099999999923 0.00000000099999999923 0.00000000099999999923 0.22240718350055593833 0.00000000099999999923 0.00000000099999999923 
0.00000000099999999944 0.13064828440073922300 0.00000000099999999944 0.00000000099999999944 0.00000000099999999944 0.00000000099999999944 0.70334680392183823727 0.00000000099999999944 0.00000000099999999944 0.00000000099999999944 0.00000000099999999944 0.00000000099999999944 0.00000000099999999944 0.00000000099999999944 0.16600489767742265812 0.00000000099999999944 0.00000000099999999944 
0.00000000099999999905 0.00000000099999999905 0.00000000099999999905 0.00000000099999999905 0.00000000099999999905 0.00000000099999999905 0.00000000099999999905 0.00000000099999999905 0.00000000099999999905 0.00000000099999999905 0.00000000099999999905 0.99999998400000011944 0.00000000099999999905 0.00000000099999999905 0.00000000099999999905 0.00000000099999999905 0.00000000099999999905 
0.00000000099999999916 0.00000000099999999916 0.00000000099999999916 0.00000000099999999916 0.00000000099999999916 0.00000000099999999916 0.00000000099999999916 0.00000000099999999916 0.00000000099999999916 0.00000000099999999916 0.00000000099999999916 0.99999998400000000842 0.00000000099999999916 0.00000000099999999916 0.00000000099999999916 0.00000000099999999916 0.00000000099999999916 
0.00000000099999999861 0.00000000099999999861 0.00000000099999999861 0.00000000099999999861 0.00000000099999999861 0.00000000099999999861 0.00000000099999999861 0.00000000099999999861 0.00000000099999999861 0.00000000099999999861 0.00000000099999999861 0.99999998400000000842 0.00000000099999999861 0.00000000099999999861 0.00000000099999999861 0.00000000099999999861 0.00000000099999999861 
0.00000000099999999933 0.00000000099999999933 0.00000000099999999933 0.08109137286832797387 0.00000000099999999933 0.00000000099999999933 0.00000000099999999933 0.00000000099999999933 0.00000000099999999933 0.00000000099999999933 0.00000000099999999933 0.91890861213167218668 0.00000000099999999933 0.00000000099999999933 0.00000000099999999933 0.00000000099999999933 0.00000000099999999933 
0.00000000099999999866 0.00000000099999999866 0.00000000099999999866 0.00000000099999999866 0.00000000099999999866 0.00000000099999999866 0.00000000099999999866 0.00000000099999999866 0.00000000099999999866 0.00000000099999999866 0.00000000099999999866 0.99999998400000000842 0.00000000099999999866 0.00000000099999999866 0.00000000099999999866 0.00000000099999999866 0.00000000099999999866 
0.00000000099999999909 0.00000000099999999909 0.00000000099999999909 0.00000000099999999909 0.00000000099999999909 0.00000000099999999909 0.00000000099999999909 0.00000000099999999909 0.00000000099999999909 0.00000000099999999909 0.00000000099999999909 0.99999998400000000842 0.00000000099999999909 0.00000000099999999909 0.00000000099999999909 0.00000000099999999909 0.00000000099999999909 
0.00000000099999999948 0.00000000099999999948 0.00000000099999999948 0.13008318895201578802 0.00000000099999999948 0.00000000099999999948 0.00000000099999999948 0.00000000099999999948 0.00000000099999999948 0.00000000099999999948 0.00000000099999999948 0.86991679604798433090 0.00000000099999999948 0.00000000099999999948 0.00000000099999999948 0.00000000099999999948 0.00000000099999999948 
0.00000000099999999948 0.00000000099999999948 0.00000000099999999948 0.11841702738974277387 0.00000000099999999948 0.00000000099999999948 0.00000000099999999948 0.00000000099999999948 0.00000000099999999948 0.00000000099999999948 0.00000000099999999948 0.88158295761025740056 0.00000000099999999948 0.00000000099999999948 0.00000000099999999948 0.00000000099999999948 0.00000000099999999948 
0.00000000099999999894 0.00000000099999999894 0.00000000099999999894 0.00000000099999999894 0.00000000099999999894 0.00000000099999999894 0.00000000099999999894 0.00000000099999999894 0.00000000099999999894 0.00000000099999999894 0.00000000099999999894 0.99999998399999989740 0.00000000099999999894 0.00000000099999999894 0.00000000099999999894 0.00000000099999999894 0.00000000099999999894 
0.00000000099999999865 0.00000000099999999865 0.00000000099999999865 0.00000000099999999865 0.00000000099999999865 0.00000000099999999865 0.00000000099999999865 0.00000000099999999865 0.00000000099999999865 0.00000000099999999865 0.00000000099999999865 0.99999998400000000842 0.00000000099999999865 0.00000000099999999865 0.00000000099999999865 0.00000000099999999865 0.00000000099999999865 
0.41525284973058379512 0.00000000099999999879 0.00000000099999999879 0.00000000099999999879 0.56049784217476872339 0.00000000099999999879 0.00000000099999999879 0.00000000099999999879 0.00000000099999999879 0.00000000099999999879 0.02424929409464745764 0.00000000099999999879 0.00000000099999999879 0.00000000099999999879 0.00000000099999999879 0.00000000099999999879 0.00000000099999999879 
0.64622535175083484216 0.00000000099999999894 0.00000000099999999894 0.00000000099999999894 0.16478817978176701908 0.00000000099999999894 0.00000000099999999894 0.00000000099999999894 0.00000000099999999894 0.00000000099999999894 0.18898645446739825715 0.00000000099999999894 0.00000000099999999894 0.00000000099999999894 0.00000000099999999894 0.00000000099999999894 0.00000000099999999894 
0.43567431128062661383 0.00000000099999999878 0.00000000099999999878 0.00000000099999999878 0.56432567371937336631 0.00000000099999999878 0.00000000099999999878 0.00000000099999999878 0.00000000099999999878 0.00000000099999999878 0.00000000099999999878 0.00000000099999999878 0.00000000099999999878 0.00000000099999999878 0.00000000099999999878 0.00000000099999999878 0.00000000099999999878 
0.31410283333711358500 0.00000000099999999906 0.00000000099999999906 0.00000000099999999906 0.58092076451992469277 0.00000000099999999906 0.00000000099999999906 0.00000000099999999906 0.00000000099999999906 0.00000000099999999906 0.10497638814296200716 0.00000000099999999906 0.00000000099999999906 0.00000000099999999906 0.00000000099999999906 0.00000000099999999906 0.00000000099999999906 
0.32498052638394259173 0.00000000099999999887 0.00000000099999999887 0.00000000099999999887 0.67501945861605749943 0.00000000099999999887 0.00000000099999999887 0.00000000099999999887 0.00000000099999999887 0.00000000099999999887 0.00000000099999999887 0.00000000099999999887 0.00000000099999999887 0.00000000099999999887 0.00000000099999999887 0.00000000099999999887 0.00000000099999999887 
0.69202643689240261882 0.00000000099999999879 0.00000000099999999879 0.00000000099999999879 0.24989005709573197667 0.00000000099999999879 0.00000000099999999879 0.00000000099999999879 0.00000000099999999879 0.00000000099999999879 0.05808349201186572414 0.00000000099999999879 0.00000000099999999879 0.00000000099999999879 0.00000000099999999879 0.00000000099999999879 0.00000000099999999879 
0.00000000099999999860 0.00000000099999999860 0.00000000099999999860 0.00000000099999999860 0.99999998400000011944 0.00000000099999999860 0.00000000099999999860 0.00000000099999999860 0.00000000099999999860 0.00000000099999999860 0.00000000099999999860 0.00000000099999999860 0.00000000099999999860 0.00000000099999999860 0.00000000099999999860 0.00000000099999999860 0.00000000099999999860 
0.00000000099999999901 0.00000000099999999901 0.00000000099999999901 0.00000000099999999901 0.99999998400000034149 0.00000000099999999901 0.00000000099999999901 0.00000000099999999901 0.00000000099999999901 0.00000000099999999901 0.00000000099999999901 0.00000000099999999901 0.00000000099999999901 0.00000000099999999901 0.00000000099999999901 0.00000000099999999901 0.00000000099999999901 
0.47655160560375264822 0.00000000099999999923 0.00000000099999999923 0.00000000099999999923 0.47270216267942199995 0.00000000099999999923 0.00000000099999999923 0.00000000099999999923 0.00000000099999999923 0.00000000099999999923 0.05074621771682562982 0.00000000099999999923 0.00000000099999999923 0.00000000099999999923 0.00000000099999999923 0.00000000099999999923 0.00000000099999999923 
0.40183452335545677414 0.00000000099999999919 0.00000000099999999919 0.00000000099999999919 0.57501784104303010903 0.00000000099999999919 0.00000000099999999919 0.00000000099999999919 0.00000000099999999919 0.00000000099999999919 0.02314762160151328726 0.00000000099999999919 0.00000000099999999919 0.00000000099999999919 0.00000000099999999919 0.00000000099999999919 0.00000000099999999919 
0.30724641186226903100 0.00000000099999999894 0.00000000099999999894 0.00000000099999999894 0.66186596112103568412 0.00000000099999999894 0.00000000099999999894 0.00000000099999999894 0.00000000099999999894 0.00000000099999999894 0.03088761301669514653 0.00000000099999999894 0.00000000099999999894 0.00000000099999999894 0.00000000099999999894 0.00000000099999999894 0.00000000099999999894 
0.00000000099999999802 0.00000000099999999802 0.00000000099999999802 0.00000000099999999802 0.00000000099999999802 0.00000000099999999802 0.00000000099999999802 0.00000000099999999802 0.00000000099999999802 0.00000000099999999802 0.00000000099999999802 0.00000000099999999802 0.00000000099999999802 0.99999998399999989740 0.00000000099999999802 0.00000000099999999802 0.00000000099999999802 
0.00000000099999999805 0.00000000099999999805 0.00000000099999999805 0.00000000099999999805 0.00000000099999999805 0.00000000099999999805 0.00000000099999999805 0.00000000099999999805 0.00000000099999999805 0.00000000099999999805 0.00000000099999999805 0.00000000099999999805 0.00000000099999999805 0.99999998399999989740 0.00000000099999999805 0.00000000099999999805 0.00000000099999999805 
0.00000000099999999769 0.00000000099999999769 0.00000000099999999769 0.00000000099999999769 0.00000000099999999769 0.00000000099999999769 0.00000000099999999769 0.00000000099999999769 0.00000000099999999769 0.00000000099999999769 0.00000000099999999769 0.00000000099999999769 0.00000000099999999769 0.99999998399999978638 0.00000000099999999769 0.00000000099999999769 0.00000000099999999769 
0.00000000099999999799 0.00000000099999999799 0.00000000099999999799 0.00000000099999999799 0.00000000099999999799 0.00000000099999999799 0.00000000099999999799 0.00000000099999999799 0.00000000099999999799 0.00000000099999999799 0.00000000099999999799 0.00000000099999999799 0.00000000099999999799 0.99999998399999989740 0.00000000099999999799 0.00000000099999999799 0.00000000099999999799 
0.00000000099999999786 0.00000000099999999786 0.00000000099999999786 0.00000000099999999786 0.00000000099999999786 0.00000000099999999786 0.00000000099999999786 0.00000000099999999786 0.00000000099999999786 0.00000000099999999786 0.00000000099999999786 0.00000000099999999786 0.00000000099999999786 0.99999998399999978638 0.00000000099999999786 0.00000000099999999786 0.00000000099999999786 
0.00000000099999999768 0.00000000099999999768 0.00000000099999999768 0.00000000099999999768 0.00000000099999999768 0.00000000099999999768 0.00000000099999999768 0.00000000099999999768 0.00000000099999999768 0.00000000099999999768 0.00000000099999999768 0.00000000099999999768 0.00000000099999999768 0.99999998399999989740 0.00000000099999999768 0.00000000099999999768 0.00000000099999999768 
0.00000000099999999775 0.00000000099999999775 0.00000000099999999775 0.00000000099999999775 0.00000000099999999775 0.00000000099999999775 0.00000000099999999775 0.00000000099999999775 0.00000000099999999775 0.00000000099999999775 0.00000000099999999775 0.00000000099999999775 0.00000000099999999775 0.99999998399999989740 0.00000000099999999775 0.00000000099999999775 0.00000000099999999775 
0.00000000099999999808 0.00000000099999999808 0.00000000099999999808 0.00000000099999999808 0.00000000099999999808 0.00000000099999999808 0.00000000099999999808 0.00000000099999999808 0.00000000099999999808 0.00000000099999999808 0.00000000099999999808 0.00000000099999999808 0.00000000099999999808 0.99999998400000000842 0.00000000099999999808 0.00000000099999999808 0.00000000099999999808 
0.00000000099999999758 0.00000000099999999758 0.00000000099999999758 0.00000000099999999758 0.00000000099999999758 0.00000000099999999758 0.00000000099999999758 0.00000000099999999758 0.00000000099999999758 0.00000000099999999758 0.00000000099999999758 0.00000000099999999758 0.00000000099999999758 0.99999998399999978638 0.00000000099999999758 0.00000000099999999758 0.00000000099999999758 
0.00000000099999999765 0.00000000099999999765 0.00000000099999999765 0.00000000099999999765 0.00000000099999999765 0.00000000099999999765 0.00000000099999999765 0.00000000099999999765 0.00000000099999999765 0.00000000099999999765 0.00000000099999999765 0.00000000099999999765 0.00000000099999999765 0.99999998399999989740 0.00000000099999999765 0.00000000099999999765 0.00000000099999999765 
0.00000000099999999785 0.00000000099999999785 0.00000000099999999785 0.00000000099999999785 0.00000000099999999785 0.00000000099999999785 0.00000000099999999785 0.00000000099999999785 0.00000000099999999785 0.00000000099999999785 0.00000000099999999785 0.00000000099999999785 0.00000000099999999785 0.99999998399999978638 0.00000000099999999785 0.00000000099999999785 0.00000000099999999785 
0.00000000099999999680 0.00000000099999999680 0.00000000099999999680 0.00000000099999999680 0.00000000099999999680 0.00000000099999999680 0.00000000099999999680 0.00000000099999999680 0.00000000099999999680 0.00000000099999999680 0.00000000099999999680 0.00000000099999999680 0.99999998399999967535 0.00000000099999999680 0.00000000099999999680 0.00000000099999999680 0.00000000099999999680 
0.00000000099999999707 0.00000000099999999707 0.00000000099999999707 0.00000000099999999707 0.00000000099999999707 0.00000000099999999707 0.00000000099999999707 0.00000000099999999707 0.00000000099999999707 0.00000000099999999707 0.00000000099999999707 0.00000000099999999707 0.99999998399999989740 0.00000000099999999707 0.00000000099999999707 0.00000000099999999707 0.00000000099999999707 
0.00000000099999999699 0.00000000099999999699 0.00000000099999999699 0.00000000099999999699 0.00000000099999999699 0.00000000099999999699 0.00000000099999999699 0.00000000099999999699 0.00000000099999999699 0.00000000099999999699 0.00000000099999999699 0.00000000099999999699 0.99999998399999978638 0.00000000099999999699 0.00000000099999999699 0.00000000099999999699 0.00000000099999999699 
0.00000000099999999841 0.00000000099999999841 0.00000000099999999841 0.99999998400000011944 0.00000000099999999841 0.00000000099999999841 0.00000000099999999841 0.00000000099999999841 0.00000000099999999841 0.00000000099999999841 0.00000000099999999841 0.00000000099999999841 0.00000000099999999841 0.00000000099999999841 0.00000000099999999841 0.00000000099999999841 0.00000000099999999841 
0.00000000099999999836 0.00000000099999999836 0.00000000099999999836 0.83388000503584736034 0.00000000099999999836 0.00000000099999999836 0.00000000099999999836 0.00000000099999999836 0.00000000099999999836 0.00000000099999999836 0.00000000099999999836 0.00000000099999999836 0.16611997996415286960 0.00000000099999999836 0.00000000099999999836 0.00000000099999999836 0.00000000099999999836 
0.00000000099999999857 0.00000000099999999857 0.00000000099999999857 0.88808683033981972166 0.00000000099999999857 0.00000000099999999857 0.00000000099999999857 0.00000000099999999857 0.00000000099999999857 0.00000000099999999857 0.00000000099999999857 0.00000000099999999857 0.11191315466018036950 0.00000000099999999857 0.00000000099999999857 0.00000000099999999857 0.00000000099999999857 
0.00000000099999999841 0.00000000099999999841 0.00000000099999999841 0.99999998400000011944 0.00000000099999999841 0.00000000099999999841 0.00000000099999999841 0.00000000099999999841 0.00000000099999999841 0.00000000099999999841 0.00000000099999999841 0.00000000099999999841 0.00000000099999999841 0.00000000099999999841 0.00000000099999999841 0.00000000099999999841 0.00000000099999999841 
0.00000000099999999846 0.00000000099999999846 0.00000000099999999846 0.94751036735934091038 0.00000000099999999846 0.00000000099999999846 0.00000000099999999846 0.00000000099999999846 0.00000000099999999846 0.00000000099999999846 0.00000000099999999846 0.00000000099999999846 0.05248961764065915997 0.00000000099999999846 0.00000000099999999846 0.00000000099999999846 0.00000000099999999846 
0.00000000099999999835 0.00000000099999999835 0.00000000099999999835 0.95443860991004580985 0.00000000099999999835 0.00000000099999999835 0.00000000099999999835 0.00000000099999999835 0.00000000099999999835 0.00000000099999999835 0.00000000099999999835 0.00000000099999999835 0.04556137508995430907 0.00000000099999999835 0.00000000099999999835 0.00000000099999999835 0.00000000099999999835 
0.00000000099999999838 0.00000000099999999838 0.00000000099999999838 0.96408703176841792359 0.00000000099999999838 0.00000000099999999838 0.00000000099999999838 0.00000000099999999838 0.00000000099999999838 0.00000000099999999838 0.00000000099999999838 0.00000000099999999838 0.03591295323158234798 0.00000000099999999838 0.00000000099999999838 0.00000000099999999838 0.00000000099999999838 
0.00000000099999999837 0.00000000099999999837 0.00000000099999999837 0.92162696637883834150 0.00000000099999999837 0.00000000099999999837 0.00000000099999999837 0.00000000099999999837 0.00000000099999999837 0.00000000099999999837 0.00000000099999999837 0.00000000099999999837 0.07837301862116177742 0.00000000099999999837 0.00000000099999999837 0.00000000099999999837 0.00000000099999999837 
0.00000000099999999828 0.00000000099999999828 0.00000000099999999828 0.94629884057559143784 0.00000000099999999828 0.00000000099999999828 0.00000000099999999828 0.00000000099999999828 0.00000000099999999828 0.00000000099999999828 0.00000000099999999828 0.00000000099999999828 0.05370114442440866026 0.00000000099999999828 0.00000000099999999828 0.00000000099999999828 0.00000000099999999828 
0.00000000099999999844 0.00000000099999999844 0.00000000099999999844 0.91382645093164827088 0.00000000099999999844 0.00000000099999999844 0.00000000099999999844 0.00000000099999999844 0.00000000099999999844 0.00000000099999999844 0.00000000099999999844 0.00000000099999999844 0.08617353406835179253 0.00000000099999999844 0.00000000099999999844 0.00000000099999999844 0.00000000099999999844 
0.00000000099999999834 0.00000000099999999834 0.00000000099999999834 0.92277904894077389386 0.00000000099999999834 0.00000000099999999834 0.00000000099999999834 0.00000000099999999834 0.00000000099999999834 0.00000000099999999834 0.00000000099999999834 0.00000000099999999834 0.07722093605922621118 0.00000000099999999834 0.00000000099999999834 0.00000000099999999834 0.00000000099999999834 
0.00000000099999999820 0.00000000099999999820 0.00000000099999999820 0.85777856064523039237 0.00000000099999999820 0.00000000099999999820 0.00000000099999999820 0.00000000099999999820 0.00000000099999999820 0.00000000099999999820 0.00000000099999999820 0.00000000099999999820 0.14222142435476975431 0.00000000099999999820 0.00000000099999999820 0.00000000099999999820 0.00000000099999999820 
0.00000000099999999862 0.00000000099999999862 0.00000000099999999862 0.99999998400000011944 0.00000000099999999862 0.00000000099999999862 0.00000000099999999862 0.00000000099999999862 0.00000000099999999862 0.00000000099999999862 0.00000000099999999862 0.00000000099999999862 0.00000000099999999862 0.00000000099999999862 0.00000000099999999862 0.00000000099999999862 0.00000000099999999862 
0.00000000099999999838 0.00000000099999999838 0.00000000099999999838 0.93312194803114878461 0.00000000099999999838 0.00000000099999999838 0.00000000099999999838 0.00000000099999999838 0.00000000099999999838 0.00000000099999999838 0.00000000099999999838 0.00000000099999999838 0.06687803696885152860 0.00000000099999999838 0.00000000099999999838 0.00000000099999999838 0.00000000099999999838 
0.00000000099999999833 0.00000000099999999833 0.00000000099999999833 0.93788777309850990260 0.00000000099999999833 0.00000000099999999833 0.00000000099999999833 0.00000000099999999833 0.00000000099999999833 0.00000000099999999833 0.00000000099999999833 0.00000000099999999833 0.06211221190149031346 0.00000000099999999833 0.00000000099999999833 0.00000000099999999833 0.00000000099999999833 
0.00000000099999999797 0.00000000099999999797 0.00000000099999999797 0.00000000099999999797 0.99999998400000011944 0.00000000099999999797 0.00000000099999999797 0.00000000099999999797 0.00000000099999999797 0.00000000099999999797 0.00000000099999999797 0.00000000099999999797 0.00000000099999999797 0.00000000099999999797 0.00000000099999999797 0.00000000099999999797 0.00000000099999999797 
0.47666554691290830004 0.00000000099999999862 0.00000000099999999862 0.00000000099999999862 0.52333443808709179113 0.00000000099999999862 0.00000000099999999862 0.00000000099999999862 0.00000000099999999862 0.00000000099999999862 0.00000000099999999862 0.00000000099999999862 0.00000000099999999862 0.00000000099999999862 0.00000000099999999862 0.00000000099999999862 0.00000000099999999862 
0.00000000099999999956 0.00000000099999999956 0.50400034186885478427 0.00000000099999999956 0.00000000099999999956 0.00000000099999999956 0.00000000099999999956 0.21158986286659473008 0.00000000099999999956 0.02685329355544169294 0.00000000099999999956 0.00000000099999999956 0.00000000099999999956 0.25755648870910885506 0.00000000099999999956 0.00000000099999999956 0.00000000099999999956 
0.00000000099999999972 0.00000000099999999972 0.50356439323369850403 0.00000000099999999972 0.00000000099999999972 0.00000000099999999972 0.00000000099999999972 0.21419931687760423999 0.00000000099999999972 0.03477357611137489590 0.00000000099999999972 0.00000000099999999972 0.00000000099999999972 0.24746270077732254733 0.00000000099999999972 0.00000000099999999972 0.00000000099999999972 
0.00000000099999999948 0.00000000099999999948 0.49276431260453201766 0.00000000099999999948 0.00000000099999999948 0.00000000099999999948 0.00000000099999999948 0.21784801487765184658 0.00000000099999999948 0.03799819154142439898 0.00000000099999999948 0.00000000099999999948 0.00000000099999999948 0.25138946797639172281 0.00000000099999999948 0.00000000099999999948 0.00000000099999999948 
0.01597098964274044214 0.00000000099999999982 0.38325339337923575167 0.07810925096198392814 0.04326360755255437979 0.00000000099999999982 0.00000000099999999982 0.00000000099999999982 0.00000000099999999982 0.00000000099999999982 0.00000000099999999982 0.43958512168114693974 0.00000000099999999982 0.00000000099999999982 0.00000000099999999982 0.03981762578233881411 0.00000000099999999982 
0.00000000099999999968 0.00000000099999999968 0.28822837773438947373 0.19150195024117622200 0.00000000099999999968 0.02666804376449188885 0.00000000099999999968 0.00000000099999999968 0.00000000099999999968 0.00694530427137178205 0.00000000099999999968 0.43620768301381551701 0.00000000099999999968 0.00000000099999999968 0.00000000099999999968 0.05044862997475515337 0.00000000099999999968 
0.02210592509925271218 0.00000000099999999956 0.31104628274248374842 0.13831558845347174946 0.00000000099999999956 0.01031162444963728934 0.00000000099999999956 0.00000000099999999956 0.00000000099999999956 0.00809928130428266835 0.00000000099999999956 0.44594796310883882962 0.00000000099999999956 0.00000000099999999956 0.00000000099999999956 0.06417332484203293330 0.00000000099999999956 
0.00000000099999999915 0.00000000099999999915 0.00000000099999999915 0.00000000099999999915 0.00000000099999999915 0.00000000099999999915 0.00000000099999999915 0.00000000099999999915 0.00000000099999999915 0.00000000099999999915 0.00000000099999999915 0.99999998400000000842 0.00000000099999999915 0.00000000099999999915 0.00000000099999999915 0.00000000099999999915 0.00000000099999999915 
0.00000000099999999912 0.00000000099999999912 0.00000000099999999912 0.00000000099999999912 0.00000000099999999912 0.00000000099999999912 0.00000000099999999912 0.00000000099999999912 0.00000000099999999912 0.00000000099999999912 0.00000000099999999912 0.99999998400000000842 0.00000000099999999912 0.00000000099999999912 0.00000000099999999912 0.00000000099999999912 0.00000000099999999912 
0.00000000099999999867 0.00000000099999999867 0.00000000099999999867 0.00000000099999999867 0.00000000099999999867 0.00000000099999999867 0.00000000099999999867 0.00000000099999999867 0.00000000099999999867 0.00000000099999999867 0.00000000099999999867 0.99999998400000000842 0.00000000099999999867 0.00000000099999999867 0.00000000099999999867 0.00000000099999999867 0.00000000099999999867 
0.00000000099999999876 0.00000000099999999876 0.00000000099999999876 0.00000000099999999876 0.00000000099999999876 0.00000000099999999876 0.00000000099999999876 0.00000000099999999876 0.00000000099999999876 0.00000000099999999876 0.00000000099999999876 0.99999998400000000842 0.00000000099999999876 0.00000000099999999876 0.00000000099999999876 0.00000000099999999876 0.00000000099999999876 
0.00000000099999999909 0.00000000099999999909 0.00000000099999999909 0.00000000099999999909 0.00000000099999999909 0.00000000099999999909 0.00000000099999999909 0.00000000099999999909 0.00000000099999999909 0.00000000099999999909 0.00000000099999999909 0.99999998400000000842 0.00000000099999999909 0.00000000099999999909 0.00000000099999999909 0.00000000099999999909 0.00000000099999999909 
0.00000000099999999963 0.01293265401443846087 0.04092147306549109159 0.06652273693803223420 0.00000000099999999963 0.00000000099999999963 0.00000000099999999963 0.00000000099999999963 0.00000000099999999963 0.00000000099999999963 0.00000000099999999963 0.87962312298203826355 0.00000000099999999963 0.00000000099999999963 0.00000000099999999963 0.00000000099999999963 0.00000000099999999963 
0.00000000099999999920 0.00000000099999999920 0.00000000099999999920 0.00000000099999999920 0.00000000099999999920 0.00000000099999999920 0.00000000099999999920 0.00000000099999999920 0.00000000099999999920 0.00000000099999999920 0.00000000099999999920 0.99999998400000011944 0.00000000099999999920 0.00000000099999999920 0.00000000099999999920 0.00000000099999999920 0.00000000099999999920 
0.00000000099999999908 0.00000000099999999908 0.00000000099999999908 0.03000209779319739159 0.00000000099999999908 0.00000000099999999908 0.00000000099999999908 0.00000000099999999908 0.00000000099999999908 0.00000000099999999908 0.00000000099999999908 0.96999788720680268916 0.00000000099999999908 0.00000000099999999908 0.00000000099999999908 0.00000000099999999908 0.00000000099999999908 
0.00000000099999999929 0.00000000099999999929 0.00000000099999999929 0.00000000099999999929 0.00000000099999999929 0.00000000099999999929 0.00000000099999999929 0.00000000099999999929 0.00000000099999999929 0.00000000099999999929 0.00000000099999999929 0.99999998400000000842 0.00000000099999999929 0.00000000099999999929 0.00000000099999999929 0.00000000099999999929 0.00000000099999999929 
0.00000000099999999954 0.00000000099999999954 0.01012168582757136046 0.00007736339616192740 0.00000000099999999954 0.02027791889574053277 0.00000000099999999954 0.00000000099999999954 0.00000000099999999954 0.00000000099999999954 0.00000000099999999954 0.96952301888052627721 0.00000000099999999954 0.00000000099999999954 0.00000000099999999954 0.00000000099999999954 0.00000000099999999954 
0.00000000099999999946 0.00000000099999999946 0.04373946079204226595 0.04483182363307368357 0.00000000099999999946 0.00000000099999999946 0.00000000099999999946 0.00000000099999999946 0.00000000099999999946 0.00000000099999999946 0.00000000099999999946 0.91142870157488409255 0.00000000099999999946 0.00000000099999999946 0.00000000099999999946 0.00000000099999999946 0.00000000099999999946 
0.00000000099999999931 0.00000000099999999931 0.00000000099999999931 0.01329453162380844246 0.00000000099999999931 0.00000000099999999931 0.00000000099999999931 0.00000000099999999931 0.00000000099999999931 0.00000000099999999931 0.00000000099999999931 0.98670545337619164350 0.00000000099999999931 0.00000000099999999931 0.00000000099999999931 0.00000000099999999931 0.00000000099999999931 
0.08954626114903223300 0.00000000099999999972 0.10225107538597931478 0.00000000099999999972 0.01322317318578542823 0.45537977996168216288 0.00000000099999999972 0.00000000099999999972 0.00000000099999999972 0.01634721851992450292 0.00872590620506753095 0.31066360947056020914 0.00000000099999999972 0.00000000099999999972 0.00000000099999999972 0.00386296712196872519 0.00000000099999999972 
0.03318304031114181762 0.00000000099999999949 0.00000000099999999949 0.00000000099999999949 0.00000000099999999949 0.54857987909567562657 0.00000000099999999949 0.00000000099999999949 0.00000000099999999949 0.00236653448123995587 0.00000000099999999949 0.41587053311194283056 0.00000000099999999949 0.00000000099999999949 0.00000000099999999949 0.00000000099999999949 0.00000000099999999949 
0.01135118383878918995 0.00000000099999999947 0.00000000099999999947 0.01971919725248057892 0.00000000099999999947 0.60797338893134433846 0.00000000099999999947 0.00000000099999999947 0.00000000099999999947 0.00000000099999999947 0.00000000099999999947 0.34799827916464548538 0.01295793881274069810 0.00000000099999999947 0.00000000099999999947 0.00000000099999999947 0.00000000099999999947 
0.18011743579149577799 0.00000000099999999957 0.00000000099999999957 0.00000000099999999957 0.02556297243685900361 0.48193583987328397766 0.00000000099999999957 0.00000000099999999957 0.00000000099999999957 0.06982581450378304300 0.00000000099999999957 0.24255792539457846080 0.00000000099999999957 0.00000000099999999957 0.00000000099999999957 0.00000000099999999957 0.00000000099999999957 
0.18887044323680118874 0.00000000099999999967 0.00000000099999999967 0.00000000099999999967 0.01183549661592890948 0.49516018727722582726 0.00000000099999999967 0.00000000099999999967 0.00000000099999999967 0.06113171624400795534 0.00000000099999999967 0.24300214462603622612 0.00000000099999999967 0.00000000099999999967 0.00000000099999999967 0.00000000099999999967 0.00000000099999999967 
0.03180012156290241976 0.00000000099999999982 0.06846450882608869082 0.00000000099999999982 0.01104442793064345542 0.44289660410203812724 0.00000000099999999982 0.00685026704468169514 0.00000000099999999982 0.00000000099999999982 0.00000000099999999982 0.41828229526908217162 0.00000000099999999982 0.00000000099999999982 0.02037519415728399758 0.00028657210727955624 0.00000000099999999982 
0.20492293717750606485 0.00000000099999999961 0.00000000099999999961 0.00000000099999999961 0.01313034277790237070 0.46749936593127217055 0.00000000099999999961 0.00000000099999999961 0.00000000099999999961 0.07721702457553229759 0.00000000099999999961 0.23723031753778725528 0.00000000099999999961 0.00000000099999999961 0.00000000099999999961 0.00000000099999999961 0.00000000099999999961 
0.00000000099999999973 0.00000000099999999973 0.00000000099999999973 0.00000000099999999973 0.00000000099999999973 0.63654901734776425659 0.00000000099999999973 0.00000000099999999973 0.00000000099999999973 0.00000000099999999973 0.00000000099999999973 0.36345096765223594559 0.00000000099999999973 0.00000000099999999973 0.00000000099999999973 0.00000000099999999973 0.00000000099999999973 
0.00000000099999999787 0.00000000099999999787 0.00000000099999999787 0.00000000099999999787 0.00000000099999999787 0.00000000099999999787 0.99999998400000000842 0.00000000099999999787 0.00000000099999999787 0.00000000099999999787 0.00000000099999999787 0.00000000099999999787 0.00000000099999999787 0.00000000099999999787 0.00000000099999999787 0.00000000099999999787 0.00000000099999999787 
0.00000000099999999774 0.00000000099999999774 0.00000000099999999774 0.00000000099999999774 0.00000000099999999774 0.00000000099999999774 0.99999998399999989740 0.00000000099999999774 0.00000000099999999774 0.00000000099999999774 0.00000000099999999774 0.00000000099999999774 0.00000000099999999774 0.00000000099999999774 0.00000000099999999774 0.00000000099999999774 0.00000000099999999774 
0.00000000099999999769 0.00000000099999999769 0.00000000099999999769 0.00000000099999999769 0.00000000099999999769 0.00000000099999999769 0.99999998399999989740 0.00000000099999999769 0.00000000099999999769 0.00000000099999999769 0.00000000099999999769 0.00000000099999999769 0.00000000099999999769 0.00000000099999999769 0.00000000099999999769 0.00000000099999999769 0.00000000099999999769 
0.00000000099999999776 0.00000000099999999776 0.00000000099999999776 0.00000000099999999776 0.00000000099999999776 0.00000000099999999776 0.99999998400000000842 0.00000000099999999776 0.00000000099999999776 0.00000000099999999776 0.00000000099999999776 0.00000000099999999776 0.00000000099999999776 0.00000000099999999776 0.00000000099999999776 0.00000000099999999776 0.00000000099999999776 
0.00000000099999999773 0.00000000099999999773 0.00000000099999999773 0.00000000099999999773 0.00000000099999999773 0.00000000099999999773 0.99999998399999989740 0.00000000099999999773 0.00000000099999999773 0.00000000099999999773 0.00000000099999999773 0.00000000099999999773 0.00000000099999999773 0.00000000099999999773 0.00000000099999999773 0.00000000099999999773 0.00000000099999999773 
0.00000000099999999773 0.00000000099999999773 0.00000000099999999773 0.00000000099999999773 0.00000000099999999773 0.00000000099999999773 0.99999998399999989740 0.00000000099999999773 0.00000000099999999773 0.00000000099999999773 0.00000000099999999773 0.00000000099999999773 0.00000000099999999773 0.00000000099999999773 0.00000000099999999773 0.00000000099999999773 0.00000000099999999773 
0.00000000099999999770 0.00000000099999999770 0.00000000099999999770 0.00000000099999999770 0.00000000099999999770 0.00000000099999999770 0.99999998400000000842 0.00000000099999999770 0.00000000099999999770 0.00000000099999999770 0.00000000099999999770 0.00000000099999999770 0.00000000099999999770 0.00000000099999999770 0.00000000099999999770 0.00000000099999999770 0.00000000099999999770 
0.00000000099999999765 0.00000000099999999765 0.00000000099999999765 0.00000000099999999765 0.00000000099999999765 0.00000000099999999765 0.99999998399999989740 0.00000000099999999765 0.00000000099999999765 0.00000000099999999765 0.00000000099999999765 0.00000000099999999765 0.00000000099999999765 0.00000000099999999765 0.00000000099999999765 0.00000000099999999765 0.00000000099999999765 
0.00000000099999999758 0.00000000099999999758 0.00000000099999999758 0.00000000099999999758 0.00000000099999999758 0.00000000099999999758 0.99999998399999989740 0.00000000099999999758 0.00000000099999999758 0.00000000099999999758 0.00000000099999999758 0.00000000099999999758 0.00000000099999999758 0.00000000099999999758 0.00000000099999999758 0.00000000099999999758 0.00000000099999999758 
0.00000000099999999760 0.00000000099999999760 0.00000000099999999760 0.00000000099999999760 0.00000000099999999760 0.00000000099999999760 0.99999998400000000842 0.00000000099999999760 0.00000000099999999760 0.00000000099999999760 0.00000000099999999760 0.00000000099999999760 0.00000000099999999760 0.00000000099999999760 0.00000000099999999760 0.00000000099999999760 0.00000000099999999760 
